3.650593054423428612e+02
3.571725873880941435e+02
3.402859804322496871e+02
3.348663246482574323e+02
2.449468998374360922e+02
2.386850982815892053e+02
2.300250468965943185e+02
2.118635046365014603e+02
1.727881873463183808e+02
1.607008298686691887e+02
1.594738875756483765e+02
1.516046195304295168e+02
1.513795216581663681e+02
1.502921016171950725e+02
1.329478122378239391e+02
1.329227560282744207e+02
1.293452133137636224e+02
1.279257756168817650e+02
1.258482156675414387e+02
1.147358685256771764e+02
1.132079147055428336e+02
1.127768550861445362e+02
1.091687131502498289e+02
1.082344466542768373e+02
1.071320023746918366e+02
1.069888723796217249e+02
1.041143714687099475e+02
1.014665703337351204e+02
9.339211622110626365e+01
9.239735913809677470e+01
8.797266459219379442e+01
8.695228191235395343e+01
8.626112127644142902e+01
8.427661475154675941e+01
8.406469086342882235e+01
8.371685891587496542e+01
8.305102322640433954e+01
8.182843755900987048e+01
8.077534810564746692e+01
7.994303144115774273e+01
7.890315840331183495e+01
7.809732942739937300e+01
7.756613708662131046e+01
7.723356967928259564e+01
7.674282349467526387e+01
7.649058080781928481e+01
7.599488485727142972e+01
7.466471471990793418e+01
7.443354520829697663e+01
7.415909809333564340e+01
7.407164751525861845e+01
7.404066835593749829e+01
7.340674672850070692e+01
7.290354962735352728e+01
7.266377306023113647e+01
7.259910373622189184e+01
7.234696149138767396e+01
7.222172640041276281e+01
7.206511402003310707e+01
7.192516563741415325e+01
7.181213092812238585e+01
7.069109201686313781e+01
7.057517716843607047e+01
6.846401573103022997e+01
6.833813454306593371e+01
6.808577892159443934e+01
6.801466194339830906e+01
6.787409692792007831e+01
6.720367310829139740e+01
6.713672256428304763e+01
6.687955663129338291e+01
6.657726728441782882e+01
6.613888734926594282e+01
6.576880504285587392e+01
6.544766457865323162e+01
6.453411115812953369e+01
6.420908471563673459e+01
6.401271914619917425e+01
6.397683634521533946e+01
6.330099793816030029e+01
6.315665737936772217e+01
6.236475574932142507e+01
6.157590129221819097e+01
6.138277722067786613e+01
6.104552536653706341e+01
6.092650687201901150e+01
6.086994517421243955e+01
6.040161717037009481e+01
6.009691791183023923e+01
5.976578335950976850e+01
5.970187911687654037e+01
5.924681884108665031e+01
5.809226560958848040e+01
5.784449016212014527e+01
5.775771614473805471e+01
5.763822377229895721e+01
5.715301063535855519e+01
5.658825366165143578e+01
5.649859916703208285e+01
5.644823081659131958e+01
5.629000520444490974e+01
5.626255613391591481e+01
5.599938558883686568e+01
5.582421504274519464e+01
5.517122097877041398e+01
5.495125588542097006e+01
5.487020990365623874e+01
5.448548874800551545e+01
5.421865389626756837e+01
5.372133306283748055e+01
5.342907166020712850e+01
5.275001837847956665e+01
5.256489774280587568e+01
5.252177899436523489e+01
5.246586609701370918e+01
5.242462432558856023e+01
5.204445908982524571e+01
5.203567590394602860e+01
5.183245866573955141e+01
5.162179759593509232e+01
5.145835717338842130e+01
5.130075590609744296e+01
5.128134679639239124e+01
5.119131828811251950e+01
5.118184524692384230e+01
5.114920131724444730e+01
5.108567355397143217e+01
5.106713769565477179e+01
5.102363588705774333e+01
5.102151112467939242e+01
5.100261162534763315e+01
5.091013461084694569e+01
5.068427931540191622e+01
5.047862773011683402e+01
5.039343603071166200e+01
5.003223489047726247e+01
4.977633416844160763e+01
4.974682473145231398e+01
4.966939858176028366e+01
4.947687708240777482e+01
4.937225985170774578e+01
4.933635356057251187e+01
4.923783373390378415e+01
4.905369789023067995e+01
4.900126750620166405e+01
4.886551917994034966e+01
4.869668193222862840e+01
4.866771887989278866e+01
4.859632672122895514e+01
4.799289603395293824e+01
4.792377349615482274e+01
4.765044405808286143e+01
4.763924219186963427e+01
4.751387429553187047e+01
4.747948668658515459e+01
4.719199238506424621e+01
4.701106859449551223e+01
4.652496113775463726e+01
4.637489800731854217e+01
4.636952904566562239e+01
4.625688633143817441e+01
4.620477392000473316e+01
4.608486538114416931e+01
4.601406806488025580e+01
4.599493872591562393e+01
4.595213871973568587e+01
4.591801623484844441e+01
4.589174644779200918e+01
4.589007349199393104e+01
4.584994729465063301e+01
4.575899116554064250e+01
4.566432235215557967e+01
4.555484211728509791e+01
4.509760451847815688e+01
4.488029179143752856e+01
4.486127685206688653e+01
4.482865241500305586e+01
4.478949542790729055e+01
4.442880625467962119e+01
4.434473948639178786e+01
4.426332658265226883e+01
4.420608915165902886e+01
4.417201145685556440e+01
4.408856319644524291e+01
4.399946240932447239e+01
4.389134552423941216e+01
4.369569092239426311e+01
4.355571048161236547e+01
4.346022409297556521e+01
4.336603935010708710e+01
4.328834711027672455e+01
4.320447812916305708e+01
4.319635548810415315e+01
4.318227065510040319e+01
4.313566080967715521e+01
4.303903222316942134e+01
4.288844176026192656e+01
4.268196953463716881e+01
4.265923569432722928e+01
4.251693921871507342e+01
4.241893698570057580e+01
4.184748988641201350e+01
4.172035086601342613e+01
4.137769320539103290e+01
4.125834122142680371e+01
4.118233067699048178e+01
4.109308216219451282e+01
4.108968573399175739e+01
4.106888741419701461e+01
4.105384028221553194e+01
4.102684552305777999e+01
4.095446113305413149e+01
4.086874593826068747e+01
4.082606425043585574e+01
4.080614105526660040e+01
4.077099720230343394e+01
4.073942814197965134e+01
4.064364889491711352e+01
4.061012597875150476e+01
4.049061248682377823e+01
4.047525852716864136e+01
4.046707063573081342e+01
4.037100277825063444e+01
4.034690957437771885e+01
4.032641784460801659e+01
4.026399959834996167e+01
4.013563306186454582e+01
3.995234520635298736e+01
3.984314614893232687e+01
3.980388694731657750e+01
3.959045320516656119e+01
3.958151814656267220e+01
3.952549013277862144e+01
3.948515781875595110e+01
3.923596184945678544e+01
3.922742266940991840e+01
3.921169689737863706e+01
3.910434155568432146e+01
3.908478576795378245e+01
3.903756344585854521e+01
3.883969334550002372e+01
3.883794965633242668e+01
3.879963801385392230e+01
3.876976605957133160e+01
3.872926093137868264e+01
3.871360872701338707e+01
3.849173914270985364e+01
3.836375627616281747e+01
3.836014063417074738e+01
3.824147304673458336e+01
3.821849481838771112e+01
3.811845983002437777e+01
3.808229708637413324e+01
3.801739808147103616e+01
3.801499203465500187e+01
3.796461247397817829e+01
3.778550710590204886e+01
3.766784041135714034e+01
3.760335717844548498e+01
3.754959407535093874e+01
3.741578205187533257e+01
3.737282655740239079e+01
3.735624761533226490e+01
3.730092505559012750e+01
3.718446946990979285e+01
3.715280361469613268e+01
3.713974019980241081e+01
3.708031712453190210e+01
3.707183020350554159e+01
3.699766173827783433e+01
3.693449842741826217e+01
3.687024290310566954e+01
3.673537693552334105e+01
3.672547089936329456e+01
3.666955316316279578e+01
3.657591305447988361e+01
3.654475414263939825e+01
3.651620260121140404e+01
3.643897265513055572e+01
3.634205891219642837e+01
3.621115175010213960e+01
3.617856696851208653e+01
3.613921463525890942e+01
3.603142038073313813e+01
3.602762922616015828e+01
3.600053870243445431e+01
3.597175303886844944e+01
3.593695631239724264e+01
3.571520715544876623e+01
3.571142552481338583e+01
3.569047174069875439e+01
3.567945966263833668e+01
3.556061120366977235e+01
3.552029296464975516e+01
3.547442244024524172e+01
3.540869372749884292e+01
3.527974342633553562e+01
3.526014153612100444e+01
3.506188972971084183e+01
3.503203060014664771e+01
3.498159495120994222e+01
3.490514145444482352e+01
3.489696162338627516e+01
3.469315254962422301e+01
3.461821299459518286e+01
3.455224348091648778e+01
3.451422293745866909e+01
3.426122557421290793e+01
3.423266913406958167e+01
3.421336649316281608e+01
3.417310776990579058e+01
3.417303574499767649e+01
3.404565203833888631e+01
3.401648059187718331e+01
3.395634565650051684e+01
3.389958367581454723e+01
3.384791447666020048e+01
3.382712720761032443e+01
3.380653326882291054e+01
3.369200064152595075e+01
3.351360810393084932e+01
3.350219323561319129e+01
3.336740700665756520e+01
3.335693299526420930e+01
3.324669197447273206e+01
3.322682751905263387e+01
3.316539624786565099e+01
3.307625438420554786e+01
3.307141825302787908e+01
3.304346773266364323e+01
3.301226182384623797e+01
3.293306826493915196e+01
3.280417039862886242e+01
3.254692540353416064e+01
3.251213847737212603e+01
3.250366080620999298e+01
3.250233026140431747e+01
3.242609117423960896e+01
3.239036050236295239e+01
3.235898224012267832e+01
3.232277716410172275e+01
3.228456268096770287e+01
3.227781022603782191e+01
3.226545645322318734e+01
3.206946954075477407e+01
3.206365159962023625e+01
3.202305784687863621e+01
3.201475718454246788e+01
3.200017061861056789e+01
3.199313801911019084e+01
3.194304682409460128e+01
3.183486490741843156e+01
3.183208882785140403e+01
3.179562378407549161e+01
3.169688185624768906e+01
3.163554510375763229e+01
3.157147640394029153e+01
3.154588286370647410e+01
3.150621285052173803e+01
3.148090437140699294e+01
3.146161462614608695e+01
3.141229028414088020e+01
3.136839542715940965e+01
3.122684478791438423e+01
3.111968138845137233e+01
3.106831813017752353e+01
3.104121180995814910e+01
3.102681044365308694e+01
3.098431317775170513e+01
3.088815072818062291e+01
3.088240900322591997e+01
3.086348681155796569e+01
3.085238135267690041e+01
3.084609946784094703e+01
3.081201820157102489e+01
3.081199380102156837e+01
3.073025651072147824e+01
3.064093621756986963e+01
3.058981414000281518e+01
3.052548196997059904e+01
3.051203759878063337e+01
3.047123641294668062e+01
3.043334521168318929e+01
3.043171899920760026e+01
3.043034661854252221e+01
3.040983616374499476e+01
3.029802426157057127e+01
3.026070704366838982e+01
3.024312597074681008e+01
3.024275023292223707e+01
3.024272803145657917e+01
3.022588552475528445e+01
3.020706103174546087e+01
3.019539081802277991e+01
3.016489557608775129e+01
3.011961757572354159e+01
3.005256344899115106e+01
2.989266377966175980e+01
2.986864076078147789e+01
2.978156024259751433e+01
2.975500772306610742e+01
2.968152732121368587e+01
2.967630001614971036e+01
2.965158427396953300e+01
2.961131951221647540e+01
2.955636467693472369e+01
2.946028497209213270e+01
2.942409433990547285e+01
2.932670580201564547e+01
2.930722674388645643e+01
2.929567507046283836e+01
2.928062809794626276e+01
2.925349108565594491e+01
2.925198439744078271e+01
2.908393473840509813e+01
2.904396817208592907e+01
2.903309835936400063e+01
2.900604947014507928e+01
2.898967946245399574e+01
2.898709855627083698e+01
2.890468356769161673e+01
2.890289702719346110e+01
2.889037278020476052e+01
2.886774779181156703e+01
2.882600010990557848e+01
2.882177515473146912e+01
2.881829145786542057e+01
2.881701065013269059e+01
2.880154030057176229e+01
2.878803857489042173e+01
2.872913509188374093e+01
2.866265812596655138e+01
2.866086740010200629e+01
2.850277271685252956e+01
2.848570732177401865e+01
2.848415205834995234e+01
2.843470216356104530e+01
2.838836584536935348e+01
2.838133861337336583e+01
2.837614479831570335e+01
2.837344583424968292e+01
2.837017379057022737e+01
2.833996416030620580e+01
2.830962639069382547e+01
2.828904615837921099e+01
2.828300308259037976e+01
2.824374895600282542e+01
2.823346479945762866e+01
2.823152251586599348e+01
2.820805931835605662e+01
2.820328170647399801e+01
2.816596129408035765e+01
2.816358016740845827e+01
2.801421406631171607e+01
2.796647883976097049e+01
2.795775227129448126e+01
2.790843826295045105e+01
2.779837649103140862e+01
2.778624601372895597e+01
2.778189217704143132e+01
2.776652631018271933e+01
2.774600100632012101e+01
2.774404263806233573e+01
2.771137016116689011e+01
2.760837730602626294e+01
2.759442508600249866e+01
2.759196129753187066e+01
2.757483292708381484e+01
2.755777029341479079e+01
2.755018593889319334e+01
2.746500761850278494e+01
2.744584171436276065e+01
2.739327164497068523e+01
2.736166319436302530e+01
2.729299803284269643e+01
2.728317892200683659e+01
2.726867009376721285e+01
2.726800014694116925e+01
2.726418235570764992e+01
2.725194874625083941e+01
2.708746982932787262e+01
2.708425837470165476e+01
2.707323065984833832e+01
2.705881308938048591e+01
2.697006162473256552e+01
2.696337625067773658e+01
2.694494204538347759e+01
2.693822727582639232e+01
2.691285624660692832e+01
2.685967844177837804e+01
2.681677035780613494e+01
2.681593041603464300e+01
2.680049211936801967e+01
2.673629044635112351e+01
2.672473682995907041e+01
2.670798598943039082e+01
2.663834575602794175e+01
2.658380981784733166e+01
2.650061174068848402e+01
2.648626303177451291e+01
2.645064830512214726e+01
2.644616908023954949e+01
2.644495551169297798e+01
2.640620786470465831e+01
2.638972709757985413e+01
2.638087334527822847e+01
2.632251390981602057e+01
2.632083837903321566e+01
2.631994776564924621e+01
2.630677016010137592e+01
2.627384929627790910e+01
2.626752184463964568e+01
2.623933874578146686e+01
2.623198551458090222e+01
2.620859646941897836e+01
2.619136756927519727e+01
2.617118388733912226e+01
2.616338106395404139e+01
2.609527965372561198e+01
2.609299382741933471e+01
2.603117761874375091e+01
2.596439280483545886e+01
2.595557981542976833e+01
2.595223242273550923e+01
2.594304149151217942e+01
2.594098531398994822e+01
2.592136142857228975e+01
2.590153269001420355e+01
2.586287897530105795e+01
2.585826443416209841e+01
2.579352482402115143e+01
2.573599048841584391e+01
2.572769678619398093e+01
2.572236065903138069e+01
2.570470904086148423e+01
2.570380286896563504e+01
2.569181585001910761e+01
2.568735614396844014e+01
2.567177546438554714e+01
2.561945464076371337e+01
2.557382514370251059e+01
2.551872679183324877e+01
2.544810257528886765e+01
2.543020079850767701e+01
2.539972492493714284e+01
2.538033978365591281e+01
2.536776337175056995e+01
2.534592292088645138e+01
2.533653358140858813e+01
2.531746930018051955e+01
2.530280727290876897e+01
2.528479970482522177e+01
2.522875826044497671e+01
2.517430731415534595e+01
2.514667183003567175e+01
2.513437729204118298e+01
2.513035323199264681e+01
2.504157894033115994e+01
2.500071708194507991e+01
2.499060078667424989e+01
2.495680478732469965e+01
2.494350846334939931e+01
2.491056407989557542e+01
2.488783242337991197e+01
2.487621322598371876e+01
2.469783016387676611e+01
2.467424289186516617e+01
2.466545078206670993e+01
2.462744647881603655e+01
2.460414529093946356e+01
2.449370481958860779e+01
2.449333124522972938e+01
2.449304576361972963e+01
2.449033770241118901e+01
2.448574042495702940e+01
2.448364211284240355e+01
2.447614497649367138e+01
2.442281301058865139e+01
2.439642625951131905e+01
2.439076455342356553e+01
2.438562361697043102e+01
2.437423855674339634e+01
2.431433744772887096e+01
2.429592108477927326e+01
2.428612882655711047e+01
2.424715249416585294e+01
2.424669324156493744e+01
2.424282895425416484e+01
2.413824972649707590e+01
2.411756115753820495e+01
2.410893568458332581e+01
2.410242891300064016e+01
2.409063297166556339e+01
2.408952949826784362e+01
2.408675053643030139e+01
2.405355242658953330e+01
2.402069283647623266e+01
2.401420355329714340e+01
2.400252744029166152e+01
2.400163323243775437e+01
2.396821136502577332e+01
2.395237999183376587e+01
2.394786427347841240e+01
2.394054840585132737e+01
2.393944692775160377e+01
2.392691056449426057e+01
2.390515033617316121e+01
2.387506708955935864e+01
2.387074960766214460e+01
2.384654824490568004e+01
2.381268687478814172e+01
2.379767299555111038e+01
2.376311876059800454e+01
2.376290718114109168e+01
2.374229786031829548e+01
2.372843924024141415e+01
2.362036873584997920e+01
2.358683809590458225e+01
2.358154929192891558e+01
2.354645473653923204e+01
2.354276312816061534e+01
2.350891592171835498e+01
2.348474067314765534e+01
2.345410348243132148e+01
2.342473613265572752e+01
2.339470878788240427e+01
2.337374223425113939e+01
2.334337450761665522e+01
2.332646151339839946e+01
2.330800738680371609e+01
2.326826196170789984e+01
2.322101674327078058e+01
2.316869569136702367e+01
2.314883904811527060e+01
2.314631468169417516e+01
2.312250100844674705e+01
2.301236759652191566e+01
2.300031282551729461e+01
2.299043550477346542e+01
2.298873625281487421e+01
2.297607373645655215e+01
2.297483693736410260e+01
2.297219255145031269e+01
2.292672878781538159e+01
2.292461233423101419e+01
2.285455905884413497e+01
2.283705691829882767e+01
2.283658680142985276e+01
2.282845327570649729e+01
2.280399699454900642e+01
2.279164931674051076e+01
2.277924954213822772e+01
2.275448786456596295e+01
2.274218997937401099e+01
2.274037067532582057e+01
2.273371278256336936e+01
2.269239327431862918e+01
2.268490864900487125e+01
2.268168536695693760e+01
2.265866710034252307e+01
2.263779997388637355e+01
2.263621562281578647e+01
2.263602742213106467e+01
2.262713154049676589e+01
2.262200623194031834e+01
2.261742555613561478e+01
2.256392709928341134e+01
2.248284914888204256e+01
2.245948886800832867e+01
2.245610152955314831e+01
2.243803410085528327e+01
2.242118872807728991e+01
2.240182916447322015e+01
2.235509294438596939e+01
2.235177165190802384e+01
2.233621099876762983e+01
2.232061445359148522e+01
2.230948071924868259e+01
2.230590325980040234e+01
2.228226117662575945e+01
2.227512648307483190e+01
2.226507299001663043e+01
2.225443769825615803e+01
2.224312687286552404e+01
2.222460655848028566e+01
2.216749198369344143e+01
2.214230155900520458e+01
2.211890677932017013e+01
2.210565668786680504e+01
2.210363678744352711e+01
2.206410978938457745e+01
2.206073771209235801e+01
2.204668512271588199e+01
2.203398982226795511e+01
2.202368463823369282e+01
2.197078908663145569e+01
2.196006122140056860e+01
2.195272907018981812e+01
2.194109388545413353e+01
2.193769609287630828e+01
2.193591715688300425e+01
2.193206903156661269e+01
2.189541542787380735e+01
2.189480826528165736e+01
2.186897912832610658e+01
2.179901293552349273e+01
2.179135804763382112e+01
2.177272216624520595e+01
2.176018195282297185e+01
2.175548095884310840e+01
2.174842440178202096e+01
2.174291198982274054e+01
2.174002847415811601e+01
2.170656008545632076e+01
2.169705719044899439e+01
2.169182441277448348e+01
2.164396704025092788e+01
2.163184637334723348e+01
2.162684698643190373e+01
2.159409913528129366e+01
2.157658733153262531e+01
2.157146088248581250e+01
2.156784466707610548e+01
2.156439979404796858e+01
2.156344109990517310e+01
2.155560993556074578e+01
2.154268464626615653e+01
2.151001884707808998e+01
2.149867614115006731e+01
2.149294009841592867e+01
2.148992317613606673e+01
2.147727106762689431e+01
2.147283628430268720e+01
2.144514012763334776e+01
2.144396146408776715e+01
2.142276396246733938e+01
2.140120398343634989e+01
2.139982014881777062e+01
2.136315894542803662e+01
2.134840330746408199e+01
2.133958765890921327e+01
2.132868921342825530e+01
2.131837199066466937e+01
2.131082846230152228e+01
2.130696963697990043e+01
2.129107522525168505e+01
2.128301663744006333e+01
2.125520744915721139e+01
2.124398321456995831e+01
2.123997460601458087e+01
2.123181922888151263e+01
2.116652552673008714e+01
2.113864229549208673e+01
2.108816925918138807e+01
2.106773570245500693e+01
2.106720584507489846e+01
2.106159217667272898e+01
2.104941259758501815e+01
2.102881110280890198e+01
2.102764640508121374e+01
2.099648748079945904e+01
2.097172279492149727e+01
2.092602428502161160e+01
2.092228823552474992e+01
2.091562917656436227e+01
2.091062793362511130e+01
2.089187273465283923e+01
2.085486033439500275e+01
2.085262586196428103e+01
2.083067600053173507e+01
2.082719976930491868e+01
2.080586651915275098e+01
2.078268469856047673e+01
2.076929086166754601e+01
2.073907308364403690e+01
2.072853316494276044e+01
2.072006015319438177e+01
2.071016039889619975e+01
2.069892282030590636e+01
2.068461625539092097e+01
2.066380260911409650e+01
2.064855706232416921e+01
2.063289581886988344e+01
2.060792232453835382e+01
2.060530871635014805e+01
2.059297105843453579e+01
2.057972223699940173e+01
2.057659724639924193e+01
2.056732584057280633e+01
2.054136464815212904e+01
2.052794906961752019e+01
2.049880505543589848e+01
2.048194534754703611e+01
2.048091741347634454e+01
2.047695948946860511e+01
2.047624732535159708e+01
2.046905303606660809e+01
2.043741439970661489e+01
2.043103406136383526e+01
2.041020246993324250e+01
2.039913806944125341e+01
2.039287435145526928e+01
2.039236620773295172e+01
2.037075666019282849e+01
2.036737155284104261e+01
2.035986537456031087e+01
2.034702005433602068e+01
2.034130233059466164e+01
2.033392257942369596e+01
2.032549858039902801e+01
2.031423038551687199e+01
2.031181212030940841e+01
2.026454477444107738e+01
2.023784973414569421e+01
2.023039924633382469e+01
2.022395936651745885e+01
2.021362050121950205e+01
2.021224852431431884e+01
2.020303817919102940e+01
2.017860934966527964e+01
2.017197532682266115e+01
2.015908160312324426e+01
2.013604755849438632e+01
2.013298782874406356e+01
2.012948446887757825e+01
2.012916321028639288e+01
2.011750994977534646e+01
2.006506487484813306e+01
2.003946923352039988e+01
1.999310193294590476e+01
1.997725110870808507e+01
1.995036643432344192e+01
1.994510719253429798e+01
1.991373223942818171e+01
1.991228379333767506e+01
1.989965190852053922e+01
1.989295456166270881e+01
1.986745652011823537e+01
1.985642499990188270e+01
1.985589629051452221e+01
1.982038211098693381e+01
1.980924019034555528e+01
1.979821150996685830e+01
1.979524342832090866e+01
1.979215163497352847e+01
1.978067058157314762e+01
1.977630700908903449e+01
1.974340648600021453e+01
1.973242645642490345e+01
1.973152712461588365e+01
1.972607669474928827e+01
1.970187212369951268e+01
1.969353457390539219e+01
1.968875181782874861e+01
1.962250582906770191e+01
1.961928311895070109e+01
1.960159777559456629e+01
1.959110532068621779e+01
1.958211693633874617e+01
1.957944458204284999e+01
1.957771015007745419e+01
1.956830109112321736e+01
1.954475764656096359e+01
1.954330462918517597e+01
1.952197009604253708e+01
1.951758093567506691e+01
1.950616953133600262e+01
1.950378273526904493e+01
1.948758577571661377e+01
1.947717069851465865e+01
1.947137394611908690e+01
1.945440116170401978e+01
1.945430811084472822e+01
1.944634659646087371e+01
1.942444676140128479e+01
1.940922611259557584e+01
1.936792584082271773e+01
1.934115892726832442e+01
1.933313973134407249e+01
1.932342106472952636e+01
1.931051738952530528e+01
1.930509568228636041e+01
1.930165604982793681e+01
1.929884826075395665e+01
1.928893428811774058e+01
1.924436292023187534e+01
1.923713091560283317e+01
1.923591237908017959e+01
1.923038546037106755e+01
1.923021277483411851e+01
1.922945471545926210e+01
1.922911992932679581e+01
1.921605445013809188e+01
1.921343174607661552e+01
1.920858904646192755e+01
1.919176250319804211e+01
1.917054457060692485e+01
1.915421751665140349e+01
1.913300737779356098e+01
1.911121653105880469e+01
1.910778545502469683e+01
1.909769693512934197e+01
1.907286214039758931e+01
1.906733101287204235e+01
1.905931043631544952e+01
1.905181037269629130e+01
1.903215363716627806e+01
1.903108445732009457e+01
1.903050334907387509e+01
1.902451140697532139e+01
1.902417803094577664e+01
1.897803466037218456e+01
1.896514559044579684e+01
1.895486012529780950e+01
1.894502440788746256e+01
1.892646425555522072e+01
1.890977493259097031e+01
1.890864239860065155e+01
1.889629023643358252e+01
1.888453326210663619e+01
1.887724984975302078e+01
1.886193381124538249e+01
1.882379699178193633e+01
1.882094269939290143e+01
1.880304646399005364e+01
1.880264111848748598e+01
1.878474977441873506e+01
1.878324720698622130e+01
1.877282271370787470e+01
1.875809469630327797e+01
1.875592732460541967e+01
1.874210459245374238e+01
1.873154837906849224e+01
1.871615534636024236e+01
1.869686172150888481e+01
1.868765028464542155e+01
1.867472019403671624e+01
1.866161031326079822e+01
1.863921553252428609e+01
1.863251490763875751e+01
1.859703111052492375e+01
1.859078837499095727e+01
1.857653992937143883e+01
1.857138232884662798e+01
1.856200308973881263e+01
1.855094027045908689e+01
1.854791517062171380e+01
1.854043858914791443e+01
1.853610747589826602e+01
1.852590960450142887e+01
1.851946052751489802e+01
1.851609643878907008e+01
1.851396520075798691e+01
1.851307948927173186e+01
1.851225431995159454e+01
1.850496487030555670e+01
1.850418178837678695e+01
1.849208650192623438e+01
1.847328373653348876e+01
1.847098528796527717e+01
1.845027385759858518e+01
1.844615346800205913e+01
1.841466505254419062e+01
1.841177758589721591e+01
1.838022391208241402e+01
1.837837559464105297e+01
1.837350165675674063e+01
1.836003586152529365e+01
1.835069088027700701e+01
1.833770437994928670e+01
1.833473349934665464e+01
1.832875668377382539e+01
1.832139490699927364e+01
1.831497285188051194e+01
1.829496310322460673e+01
1.828652003893247624e+01
1.826421046802991555e+01
1.824940728328796169e+01
1.824437574559674857e+01
1.824255979079916656e+01
1.824238505757344342e+01
1.823458739865946043e+01
1.822749726198390263e+01
1.819782625229134609e+01
1.819645066647945697e+01
1.819353193289663295e+01
1.818925654693702398e+01
1.818845032507224602e+01
1.818688018703115716e+01
1.817427601382749813e+01
1.815148510656325342e+01
1.813586636564421539e+01
1.811812565873475123e+01
1.810223121832734705e+01
1.809518918628153372e+01
1.807097348710019702e+01
1.806925321367452852e+01
1.804901606407637260e+01
1.804404281333293625e+01
1.800866881787622376e+01
1.799684120111215435e+01
1.799120018067432625e+01
1.796855925717902380e+01
1.791093732585337861e+01
1.789734151114744876e+01
1.789182749993694799e+01
1.788272925765689436e+01
1.780058679632464802e+01
1.777638460809349752e+01
1.777065535863298251e+01
1.775434392578149811e+01
1.775148510936243795e+01
1.773635572299818719e+01
1.772257005150438047e+01
1.771526225099873031e+01
1.771304915019668513e+01
1.771260977260673997e+01
1.769740902838943342e+01
1.768767721328331177e+01
1.765744105470578873e+01
1.763979686719571305e+01
1.762142200766636790e+01
1.762021957608034128e+01
1.760551337868573896e+01
1.759804630021636385e+01
1.759332412813096624e+01
1.759244641147450849e+01
1.755372469773299215e+01
1.753774187649522176e+01
1.753702028447515104e+01
1.753255218148469652e+01
1.751742744313845179e+01
1.751641273427829049e+01
1.751323640142475924e+01
1.750216691169219274e+01
1.749968847655268078e+01
1.748985647001793353e+01
1.748923786939629466e+01
1.747381522810139032e+01
1.747077843548238008e+01
1.746709667886744910e+01
1.745990983573314637e+01
1.745958606161800120e+01
1.743715245439661388e+01
1.743203040489235178e+01
1.741004443920495248e+01
1.740227303275860393e+01
1.739414114584359439e+01
1.739105110983571834e+01
1.739083853723334627e+01
1.737879501476357902e+01
1.736673945330069202e+01
1.735683464860425573e+01
1.731886634760178367e+01
1.731375424888908654e+01
1.731168830008212467e+01
1.729710264018763510e+01
1.729522027988580390e+01
1.728532437483114137e+01
1.728405910870193196e+01
1.726679594717528232e+01
1.726162203184182431e+01
1.725497263112976754e+01
1.724474514282516324e+01
1.722795633299178064e+01
1.722211521477935747e+01
1.722055333204857064e+01
1.721385114897125845e+01
1.719452901930300470e+01
1.719244470064780472e+01
1.718684649131720477e+01
1.715413458775575961e+01
1.709449993937094803e+01
1.708077495689250824e+01
1.707091964626441793e+01
1.706489231636214043e+01
1.705534262182835903e+01
1.705184721704693374e+01
1.701904429920024242e+01
1.701036659174076959e+01
1.700650064837691033e+01
1.700099652266272088e+01
1.697377309910643461e+01
1.697063380188328807e+01
1.696779216465981222e+01
1.695574373106240884e+01
1.695097958391440329e+01
1.694252795311242465e+01
1.693990593509591847e+01
1.692979813158158109e+01
1.692436641389009111e+01
1.690343011646506355e+01
1.690335507865141906e+01
1.689560582359291274e+01
1.689436614152283767e+01
1.689373671268243271e+01
1.689020984426653627e+01
1.688554159387799913e+01
1.688142899494735261e+01
1.686752411277952035e+01
1.686670534674471256e+01
1.686571881936663075e+01
1.685906187265612743e+01
1.685565958428136923e+01
1.685247015983611618e+01
1.685019804492605999e+01
1.684398801310006633e+01
1.684019050992925415e+01
1.683942083012432178e+01
1.683892664173068709e+01
1.683524770229108114e+01
1.683177069378730906e+01
1.681805789126893913e+01
1.679959610279760795e+01
1.679677891699186532e+01
1.678568607311295224e+01
1.678313343970417648e+01
1.676482371657910164e+01
1.675665267267888581e+01
1.675661109491883494e+01
1.675596194494043445e+01
1.674499197563615738e+01
1.673928796860429813e+01
1.673436313040433632e+01
1.672918526284579244e+01
1.672527447264938871e+01
1.672058452179395616e+01
1.671894229148518107e+01
1.670839698554376440e+01
1.670158953884796205e+01
1.670038195135961701e+01
1.667879691138709219e+01
1.667457071140448122e+01
1.666283072401997245e+01
1.665999947557202532e+01
1.664733389753615356e+01
1.663618569014263215e+01
1.663103728844615858e+01
1.661399238309346771e+01
1.660062625804749459e+01
1.659837114833930016e+01
1.659713977935878049e+01
1.659103171969318069e+01
1.658959824681049966e+01
1.657443727233213693e+01
1.656868175863721149e+01
1.655839113640952220e+01
1.655247629912810226e+01
1.654383574449369831e+01
1.651342044294607803e+01
1.651321737136067469e+01
1.650665229521768040e+01
1.650326105304806745e+01
1.647839445245185175e+01
1.647005247797634553e+01
1.646572318376050603e+01
1.645111727738689922e+01
1.644562658261805765e+01
1.643463685748132974e+01
1.643269417277740985e+01
1.641869509478326350e+01
1.641624546174376320e+01
1.640966581039510785e+01
1.640060692452542312e+01
1.639975215252954754e+01
1.639621921382938297e+01
1.638291228879324990e+01
1.638145450377904311e+01
1.637992249365199982e+01
1.637985411762982224e+01
1.635656890816634501e+01
1.634512337295452511e+01
1.633986809243029725e+01
1.633064594170064865e+01
1.632827500427655565e+01
1.631447480714415832e+01
1.631298034067016189e+01
1.629726727976060019e+01
1.629442309317656168e+01
1.628855417932087590e+01
1.627972556053420305e+01
1.626646490327867056e+01
1.625883641884059472e+01
1.625785613935047280e+01
1.625757132384894277e+01
1.624868094529995588e+01
1.624082099480709473e+01
1.623667501432267457e+01
1.623150914342407702e+01
1.622749517754934345e+01
1.619100674028203457e+01
1.618546114996121332e+01
1.618440014910468250e+01
1.618426895886270955e+01
1.618182112559001240e+01
1.617079235332888842e+01
1.616273412989962210e+01
1.616219602073094208e+01
1.615504010636435339e+01
1.613012562840614450e+01
1.612841394060042788e+01
1.612589801474457829e+01
1.612559602539255010e+01
1.611153679905191538e+01
1.608933367088945943e+01
1.608659312968435984e+01
1.608635690654712036e+01
1.608579837597380546e+01
1.607335931951653762e+01
1.607151534175470076e+01
1.606078684280098656e+01
1.602392944176553868e+01
1.601889688156245484e+01
1.601173700620244844e+01
1.600872571603485639e+01
1.600401019692447235e+01
1.598343127796064245e+01
1.597885788191119438e+01
1.597675336059705486e+01
1.594789834900960024e+01
1.594736014280539749e+01
1.593414548818812726e+01
1.592481546476303578e+01
1.591483638138719670e+01
1.589627661390376723e+01
1.588960788334135543e+01
1.588014556962190404e+01
1.587892032468446502e+01
1.587844301938358171e+01
1.586309146232857259e+01
1.585962245516755509e+01
1.585442252942975827e+01
1.585163654911601583e+01
1.583600602550686176e+01
1.582782731843650481e+01
1.581949586756462622e+01
1.580842273370369888e+01
1.580088906441426388e+01
1.580080173908535990e+01
1.579933720433364286e+01
1.579642880580084352e+01
1.579525622283860287e+01
1.579069928005357504e+01
1.578230164599766461e+01
1.577734210069230514e+01
1.574748543769547560e+01
1.574480831656170743e+01
1.573003575482019656e+01
1.571931259290666816e+01
1.571499534053362801e+01
1.566808888327058824e+01
1.565131745687939890e+01
1.565126468280511141e+01
1.564963746521687860e+01
1.564671976561300148e+01
1.563165542803205632e+01
1.562851021875215451e+01
1.559191995201183545e+01
1.558302111138640100e+01
1.556519439766034374e+01
1.555915781855225610e+01
1.555121792393729407e+01
1.553861819235677011e+01
1.552910200005883468e+01
1.550908404402099983e+01
1.550779836185104443e+01
1.550396444233428994e+01
1.550287556154140312e+01
1.550236403153340881e+01
1.550089691060851393e+01
1.549410155107439380e+01
1.549386895369318751e+01
1.548666207453731403e+01
1.548294492089702601e+01
1.547279385221342451e+01
1.546451992918048468e+01
1.545750424844930393e+01
1.544315477209025111e+01
1.542967342945307507e+01
1.542303107891588887e+01
1.541744333724200899e+01
1.541726742106594372e+01
1.540671322504980267e+01
1.540662554255610317e+01
1.540183690046393572e+01
1.540083957520348079e+01
1.538622433160550962e+01
1.537878534013827903e+01
1.537171675997253928e+01
1.535974002167841945e+01
1.534406922082248492e+01
1.534189660017771217e+01
1.531772058352704491e+01
1.530846933280256650e+01
1.530786618659966436e+01
1.529690236222605471e+01
1.528486401389360338e+01
1.528218187546892892e+01
1.528034273238072061e+01
1.527335213776899536e+01
1.526808499590958590e+01
1.526660921644954882e+01
1.526424712892759139e+01
1.526166846212020722e+01
1.525465625738972442e+01
1.524851871039564699e+01
1.524279506342071500e+01
1.522866466746202718e+01
1.521956632836972290e+01
1.521811857145819680e+01
1.521474943712212280e+01
1.520315595774995288e+01
1.519484497536274858e+01
1.518669048973254654e+01
1.517667776955266490e+01
1.517539580355331097e+01
1.517014594778031800e+01
1.515811183235643789e+01
1.514918733527495220e+01
1.514200812250872019e+01
1.512202949436139399e+01
1.510377953587694577e+01
1.509932902144073097e+01
1.509579968936835925e+01
1.508905223742836732e+01
1.508197612041485236e+01
1.507985458102029774e+01
1.507256342118976100e+01
1.506966980594660122e+01
1.505386409165176076e+01
1.504743125276355364e+01
1.504738030554578643e+01
1.502532417108210616e+01
1.502173978675687316e+01
1.502070257813141296e+01
1.498766719012515480e+01
1.497769790348862173e+01
1.496654019618427078e+01
1.496448427165915440e+01
1.496400785245186249e+01
1.495628771470840945e+01
1.495456261011536370e+01
1.495253431695521051e+01
1.494905648239910079e+01
1.494215007463269274e+01
1.493543777006460616e+01
1.491725550008184165e+01
1.490117554972924552e+01
1.490105721176386844e+01
1.490087415339660915e+01
1.489501806797735028e+01
1.487798199935807375e+01
1.487703345529319066e+01
1.487673155880984410e+01
1.485882111543465633e+01
1.485536728487851654e+01
1.485412498017533167e+01
1.485251305916551878e+01
1.484531174061169523e+01
1.483804231690160513e+01
1.482582843539890582e+01
1.481105090877550268e+01
1.480733320436245570e+01
1.480707234731730360e+01
1.480572804370106788e+01
1.479303231029475363e+01
1.478156154936335476e+01
1.477970615828427725e+01
1.477889585199521072e+01
1.477507483290298218e+01
1.477458823920369824e+01
1.476117680447422842e+01
1.475762026423873685e+01
1.475423443919937050e+01
1.475350186932941021e+01
1.472196128192046061e+01
1.470969351382847456e+01
1.470548867443801022e+01
1.469644969291439551e+01
1.467299524179343706e+01
1.465860485863596985e+01
1.465650843490802657e+01
1.465431288595992676e+01
1.463470438609094337e+01
1.463128127187775895e+01
1.460585122812038605e+01
1.460038577293514983e+01
1.459882438566755525e+01
1.459697375994438850e+01
1.459611222463723834e+01
1.459524861853850375e+01
1.458402690375328525e+01
1.457736875842936541e+01
1.457070429107213805e+01
1.456849034900531414e+01
1.454574404010651811e+01
1.452411512371776325e+01
1.452291793147226784e+01
1.451998692093937393e+01
1.448505024313316802e+01
1.446780022485461537e+01
1.446640944662119033e+01
1.445391993987462342e+01
1.445226063311007891e+01
1.445148235442566254e+01
1.445064008234595221e+01
1.444317144408540621e+01
1.443850597381641521e+01
1.441683436098503357e+01
1.441000637264628637e+01
1.440821900471408945e+01
1.440354678923757170e+01
1.439901609774035229e+01
1.439632057752983485e+01
1.439462229792815684e+01
1.438833588405922548e+01
1.438380628229931446e+01
1.438102266554465913e+01
1.437168323529588321e+01
1.436175349113421973e+01
1.434813466426461837e+01
1.433711038398328341e+01
1.433066075651745308e+01
1.432617762890067503e+01
1.432184909094345571e+01
1.430948285936997877e+01
1.430293980128202946e+01
1.430067498737532539e+01
1.430031187425185024e+01
1.429932001416621645e+01
1.429434288628980632e+01
1.427051181118120127e+01
1.426944494004480823e+01
1.426756875721081741e+01
1.426635299118087374e+01
1.425832316145620737e+01
1.425085766299423007e+01
1.424684843282967250e+01
1.423751120433923489e+01
1.423581619637305096e+01
1.423526718424548143e+01
1.423279737180983773e+01
1.422415570704411003e+01
1.422150661756860046e+01
1.421233920297782660e+01
1.420434983326456369e+01
1.419914117306421097e+01
1.418064387066038634e+01
1.417266942872970503e+01
1.417140228619205899e+01
1.416399994273570684e+01
1.416311977104411923e+01
1.416120420399710689e+01
1.415780942240354889e+01
1.415152208700334668e+01
1.414808327846100688e+01
1.413103880118166700e+01
1.412974848248280502e+01
1.412584338638158243e+01
1.411830820159346800e+01
1.411395674437304670e+01
1.410997551556788387e+01
1.410421876918808870e+01
1.409867040324608745e+01
1.407683563191587872e+01
1.407193045103767837e+01
1.403716041703154360e+01
1.402475624328632087e+01
1.402292558158799629e+01
1.401865170691583984e+01
1.401025642404456129e+01
1.400771139731488368e+01
1.399957310799523391e+01
1.399670400109392787e+01
1.399274306396026546e+01
1.399189111268231933e+01
1.398502746530596674e+01
1.398479477587969733e+01
1.397292564713118601e+01
1.396622823575476779e+01
1.395865924055330076e+01
1.394306320742950511e+01
1.393133681936367907e+01
1.391716396205632478e+01
1.391042993366600378e+01
1.390974526652406063e+01
1.389912713404564037e+01
1.389286468024607579e+01
1.386830415594092969e+01
1.386469895749301884e+01
1.386001876489683937e+01
1.385159527028747917e+01
1.384769165758079090e+01
1.384539467451418204e+01
1.384517917614844862e+01
1.384339861393214299e+01
1.383994831890750810e+01
1.383580970523675191e+01
1.383084884773220580e+01
1.382977917258193123e+01
1.382611816545590955e+01
1.380469035150241375e+01
1.379868643525259664e+01
1.379651441018997460e+01
1.378927527793511842e+01
1.378321439475084986e+01
1.377576478852478381e+01
1.376086094916132829e+01
1.375941553298554965e+01
1.375533783430002899e+01
1.374098373952521257e+01
1.371919118131416404e+01
1.371381012651317555e+01
1.371152976832378201e+01
1.371096551292108501e+01
1.370783962187740990e+01
1.369628195279556060e+01
1.368823605402597998e+01
1.366753380624218650e+01
1.366260598716814023e+01
1.365835510043551260e+01
1.365345850380763792e+01
1.364870423577786518e+01
1.364770055517887570e+01
1.364645942763047692e+01
1.363295628759897404e+01
1.362554284844205910e+01
1.361852267397048699e+01
1.361544848153141274e+01
1.361497943259388066e+01
1.358781930602600951e+01
1.358049012158563329e+01
1.357719022048073576e+01
1.357334998177040752e+01
1.357319756521725118e+01
1.355765898747194065e+01
1.355239723159098730e+01
1.354569340790963317e+01
1.354014012134172518e+01
1.353803459006528875e+01
1.352686866718802960e+01
1.352226618877926789e+01
1.350624764735601069e+01
1.350118193070909989e+01
1.349439698589308279e+01
1.347545995232644955e+01
1.347315138141134838e+01
1.346860274210378350e+01
1.346286445671305998e+01
1.346074176072470685e+01
1.346025281113586836e+01
1.345986123063376638e+01
1.345548872923576766e+01
1.345427494935178281e+01
1.345100301854006730e+01
1.343987547184926079e+01
1.343711550377040531e+01
1.343473657995041393e+01
1.342352478766559898e+01
1.342262385651097567e+01
1.342107570201510924e+01
1.341894792659795677e+01
1.341002129221549488e+01
1.340046239215180535e+01
1.337353696815928927e+01
1.332753168012121137e+01
1.332721547517973271e+01
1.332250591210446089e+01
1.332078051111645856e+01
1.331035120398836646e+01
1.330628512677054509e+01
1.328695669600629081e+01
1.328394845170270777e+01
1.327022976874738092e+01
1.326685353018036473e+01
1.325077498310933777e+01
1.324426533133751427e+01
1.323704342033880188e+01
1.321860839087792705e+01
1.320862927828838274e+01
1.320721485009861240e+01
1.319686737073729965e+01
1.319264214718509898e+01
1.318887871416960245e+01
1.318840353650400843e+01
1.318641881260832527e+01
1.318462238427312982e+01
1.318441147658050205e+01
1.317948423573682248e+01
1.316978307138870719e+01
1.316702441549055358e+01
1.315713437402646058e+01
1.315488042730571294e+01
1.315027545111549045e+01
1.314051437796709720e+01
1.313458799286321366e+01
1.312957770167281701e+01
1.312550839290561555e+01
1.312492587624945983e+01
1.312160770057149506e+01
1.311824775637236584e+01
1.311755801867325744e+01
1.311343461719859782e+01
1.311338815818488257e+01
1.309232032396782230e+01
1.309020963405727933e+01
1.308317574299762320e+01
1.308232978303202820e+01
1.307919866816994237e+01
1.307591282227060780e+01
1.306550586103685596e+01
1.306137327762384182e+01
1.305165763256061062e+01
1.305148102054598702e+01
1.304748670895090612e+01
1.304705193273033714e+01
1.304694670706467363e+01
1.303702255853137970e+01
1.303653987395677305e+01
1.303177781645685229e+01
1.303173607349226337e+01
1.302656535263444582e+01
1.302489512013010931e+01
1.302180395168662486e+01
1.301879892944526063e+01
1.301541321119230510e+01
1.300215870702243137e+01
1.300095791271592738e+01
1.299654738990120428e+01
1.298483965462459899e+01
1.298441841112228445e+01
1.298186521581669517e+01
1.297238448002345379e+01
1.297180991985704424e+01
1.297152731541293846e+01
1.297022494281851657e+01
1.296676847611622740e+01
1.294589320794625742e+01
1.294230455240985300e+01
1.293888480848404221e+01
1.293689635903619717e+01
1.293600673126093881e+01
1.293216497249838071e+01
1.293135211176679178e+01
1.292235936778594052e+01
1.291737157607355968e+01
1.290906846862408308e+01
1.289945831493297135e+01
1.289156573433155373e+01
1.288464735920504012e+01
1.288143801284723899e+01
1.287944109155271910e+01
1.287129687659358090e+01
1.286702708387073635e+01
1.286691631890948706e+01
1.286488256274745368e+01
1.286247282848371931e+01
1.285762789028952291e+01
1.285049255255657208e+01
1.284883158911850920e+01
1.284566835976036714e+01
1.284535424827804384e+01
1.283373854744239217e+01
1.283301164092689461e+01
1.281964806440715954e+01
1.280099324926002780e+01
1.279716324599934474e+01
1.279560575744167217e+01
1.279553277733251981e+01
1.279373256564580608e+01
1.276925231953305762e+01
1.275356163986199221e+01
1.274920071520302045e+01
1.274724599791105106e+01
1.273869010465197960e+01
1.273046537200936434e+01
1.273042016361593198e+01
1.272493269706628816e+01
1.272090238535915496e+01
1.271054329243999881e+01
1.270607335422932138e+01
1.268635738786536393e+01
1.268285956173429163e+01
1.267926244175964889e+01
1.266987211187295870e+01
1.266174386037444677e+01
1.265974221230424845e+01
1.265306855399331809e+01
1.265079253249420077e+01
1.264339551921964144e+01
1.263608827585091809e+01
1.263491233680677084e+01
1.263485167887608007e+01
1.261835083395192569e+01
1.260584808679575097e+01
1.260572507500244299e+01
1.259350642244812768e+01
1.259215064021382524e+01
1.258008858624277870e+01
1.257769831348106315e+01
1.256570397676835604e+01
1.255376271981091385e+01
1.254964841105495488e+01
1.254691136889037928e+01
1.254351602545803246e+01
1.253603743255375136e+01
1.253168716357881074e+01
1.251844477197399996e+01
1.251501262139270665e+01
1.250904423241100893e+01
1.250369927508145018e+01
1.250158199943525084e+01
1.249661498043748331e+01
1.249525571659071765e+01
1.248514404429013425e+01
1.247478215408675695e+01
1.247363123754702663e+01
1.247139296609003623e+01
1.246744939436534239e+01
1.246657694818868656e+01
1.244531128899054373e+01
1.244191599049656638e+01
1.244015673738735472e+01
1.243843602637553047e+01
1.242521122459079841e+01
1.242008652257637991e+01
1.241112869827182408e+01
1.240981234935232713e+01
1.240811243944911268e+01
1.240066608244110213e+01
1.239978679501148484e+01
1.239913012474419141e+01
1.239777338500419113e+01
1.238741486940207892e+01
1.238658013836493765e+01
1.238630300131689310e+01
1.237015693241398395e+01
1.235403718956829877e+01
1.234764596670354919e+01
1.233624855107774287e+01
1.233481693183812844e+01
1.232930777241805309e+01
1.232916724525478891e+01
1.232615497977583630e+01
1.232614881478823321e+01
1.232502157839162038e+01
1.230953994281493635e+01
1.230095053550638085e+01
1.229906691918688288e+01
1.229453276542617424e+01
1.228159718413141377e+01
1.227797023786185981e+01
1.226831089052882895e+01
1.225894015957259953e+01
1.225783948418176195e+01
1.225335390852370665e+01
1.224887684423450374e+01
1.223907878258066440e+01
1.223759943723969990e+01
1.223651833697798175e+01
1.222147471587511269e+01
1.221800600635398837e+01
1.221442540255580234e+01
1.221252541699023375e+01
1.221176086113023196e+01
1.220633114217549497e+01
1.220555703859978713e+01
1.220038538570532971e+01
1.219856749875216728e+01
1.219044353259884694e+01
1.218970497143643605e+01
1.218967189230106385e+01
1.218502730637689702e+01
1.218459918457062585e+01
1.218209015447716581e+01
1.218158389121288288e+01
1.217973837380932522e+01
1.217816445863370767e+01
1.217410932092680120e+01
1.216721994039695964e+01
1.216437679759757273e+01
1.216142343416096416e+01
1.216027469048953336e+01
1.215792867950733935e+01
1.215454940228465475e+01
1.214712734580005105e+01
1.214649042068342233e+01
1.213167094360085407e+01
1.212373917802105261e+01
1.212080738862259821e+01
1.211881491036328207e+01
1.211680886201539664e+01
1.211526065251066875e+01
1.210648521390914212e+01
1.208402979951790357e+01
1.208388356043615453e+01
1.208053981399413424e+01
1.207111931247747272e+01
1.206905671141860736e+01
1.206604335882079404e+01
1.204883428475392648e+01
1.204767187856339561e+01
1.204347406526337849e+01
1.201955625405409833e+01
1.201715212137797728e+01
1.201423548085867132e+01
1.201182650692030940e+01
1.200367651239821853e+01
1.200210545674143070e+01
1.199036339381614269e+01
1.198299082599185539e+01
1.197472457393183021e+01
1.197409230667435054e+01
1.197195643451950886e+01
1.197148015337431737e+01
1.196927145068055154e+01
1.196532646364007668e+01
1.195983385157922818e+01
1.195122041365178944e+01
1.194739573796303311e+01
1.194644712868070435e+01
1.194451996104799640e+01
1.194421548986839277e+01
1.194199853858579807e+01
1.194162255526907046e+01
1.192218354581614292e+01
1.192186991523793971e+01
1.191843562602991291e+01
1.191199128398590190e+01
1.190122879076053408e+01
1.189876005438154749e+01
1.188992282948386325e+01
1.188115580084489942e+01
1.187360977292546593e+01
1.186526088997264772e+01
1.186439504662026501e+01
1.185026359228596782e+01
1.184617167002915572e+01
1.184310128573232923e+01
1.184282008640051309e+01
1.183970713121880536e+01
1.182840660448386316e+01
1.180850163977866707e+01
1.180595863578494864e+01
1.180588393986938378e+01
1.179840502973579497e+01
1.179642102074398302e+01
1.179173364273065872e+01
1.179041212304603015e+01
1.179040785375411104e+01
1.178473440618661527e+01
1.176315051664629685e+01
1.175990414546110152e+01
1.175899332310736867e+01
1.175458350899918081e+01
1.174224453336510443e+01
1.173366744636734182e+01
1.173363907631319059e+01
1.171966995378845233e+01
1.171840136989347059e+01
1.171584825566005073e+01
1.171099129624566082e+01
1.170434934958799822e+01
1.169965297448376340e+01
1.169165855076624183e+01
1.169097298549337083e+01
1.168762822937906698e+01
1.166984317097247548e+01
1.166926658916034043e+01
1.166593493964779249e+01
1.166361325029202689e+01
1.166141366607429397e+01
1.165675919135870586e+01
1.164951675484571858e+01
1.164696759951503147e+01
1.163864917360388773e+01
1.163813624960478954e+01
1.163472016088498684e+01
1.163071691939577867e+01
1.162267814484764195e+01
1.161301311395925140e+01
1.160914907748113478e+01
1.160449493750682670e+01
1.160409706904461480e+01
1.159343687173459436e+01
1.158855281012828442e+01
1.156796566519528113e+01
1.155754908247114443e+01
1.155625863252152463e+01
1.155557758761766252e+01
1.155524729895112657e+01
1.155438915902042574e+01
1.154825177343012754e+01
1.154431517733357992e+01
1.152209122427289678e+01
1.151106624884024932e+01
1.150723107835454861e+01
1.150398199520914311e+01
1.148151550406844557e+01
1.147517938874339194e+01
1.147115773260917670e+01
1.146285355751953539e+01
1.146280212091215844e+01
1.145111773898068108e+01
1.144944806372098611e+01
1.143730251209379212e+01
1.143282173114307732e+01
1.143043114160874829e+01
1.142963585284700301e+01
1.142711835768413664e+01
1.140854466439460602e+01
1.140320303127028723e+01
1.139911592233322146e+01
1.139519111725987699e+01
1.139459921777003615e+01
1.138937450110879901e+01
1.138372834710279946e+01
1.136156064899312135e+01
1.136116956553742696e+01
1.136039731062615488e+01
1.135258370472953260e+01
1.134918260800381340e+01
1.132895862561051992e+01
1.132362344711991753e+01
1.131754706279293110e+01
1.131113682717169056e+01
1.129565064583141343e+01
1.129423831316715798e+01
1.129214234967669128e+01
1.128402197739825930e+01
1.127660732356724793e+01
1.126713422603755177e+01
1.126247737979366548e+01
1.126142551818582938e+01
1.126113201119568075e+01
1.125532297467671938e+01
1.125325159745014147e+01
1.125275356075563060e+01
1.124834487123365712e+01
1.124409080467801125e+01
1.123927860029807491e+01
1.123074221915208248e+01
1.122980160124986782e+01
1.122764668510858677e+01
1.122501192498129008e+01
1.121506769971417050e+01
1.121430996942285319e+01
1.121385119120886920e+01
1.121181159070554934e+01
1.120929802739436987e+01
1.120623476608334634e+01
1.120466394842377689e+01
1.120211072211647441e+01
1.119855919221779850e+01
1.119034747653936002e+01
1.118804741717152318e+01
1.118341206061850990e+01
1.118322776934241425e+01
1.118035805859764587e+01
1.117927835115149904e+01
1.117081408759191774e+01
1.115419894617969732e+01
1.115054119325530024e+01
1.113785669394902200e+01
1.113685823816864406e+01
1.112603995179205008e+01
1.112073472890162229e+01
1.111987060970518293e+01
1.111352138820745061e+01
1.111201833391331917e+01
1.110555326177033919e+01
1.110186161597483689e+01
1.109785030071524226e+01
1.109624042092404217e+01
1.109426262471160385e+01
1.108500080303150881e+01
1.108500078906093655e+01
1.107726682516378069e+01
1.106737910152234505e+01
1.106542945830809010e+01
1.106360886041293945e+01
1.105875884138072607e+01
1.105846796541555577e+01
1.105761411857364962e+01
1.105600849275288411e+01
1.103568395097203414e+01
1.103120388392970952e+01
1.102720724230353078e+01
1.102465950307084697e+01
1.100140589895729804e+01
1.099800041859020716e+01
1.099056903698352272e+01
1.096833847407468099e+01
1.095448513457790618e+01
1.094303075800988623e+01
1.094052925010308996e+01
1.093231788654936842e+01
1.093037394612981572e+01
1.091879375092102578e+01
1.091141202469819405e+01
1.091117194133118851e+01
1.090736271449616801e+01
1.090485671398259271e+01
1.089794077515390569e+01
1.089681561369310714e+01
1.089237824050517389e+01
1.089147281182275329e+01
1.089113363093491671e+01
1.088517862332172292e+01
1.088189679085727590e+01
1.087709521927410883e+01
1.087252516237797373e+01
1.085873215034165540e+01
1.085666931546677283e+01
1.085006010554286604e+01
1.084675704829837706e+01
1.084547762695648387e+01
1.084186635525695586e+01
1.082302667900062332e+01
1.081824049454005277e+01
1.081629182978001680e+01
1.081586737811623244e+01
1.081473753021620254e+01
1.081178790650033150e+01
1.080677981636360840e+01
1.080374283776789568e+01
1.079723973876972209e+01
1.079481832724375145e+01
1.078699658964941399e+01
1.078308556246241956e+01
1.077894401698769755e+01
1.077684335431547069e+01
1.077566739833879872e+01
1.077445676329328705e+01
1.077116420727045387e+01
1.076546848196258210e+01
1.076290442582168794e+01
1.076087552001147074e+01
1.076040775342991296e+01
1.075509016650670624e+01
1.075017134189411472e+01
1.074253038052522413e+01
1.074023902832722399e+01
1.073125537698377485e+01
1.073027072897456335e+01
1.072521787868479137e+01
1.072375918587024302e+01
1.072278648504653731e+01
1.070442924641010762e+01
1.069996257928059791e+01
1.069727725826305509e+01
1.069471150751289912e+01
1.069425740007468306e+01
1.069383382601611565e+01
1.069119201956013221e+01
1.068835695383664408e+01
1.067899688883692910e+01
1.066086667018786827e+01
1.065096614274370879e+01
1.064604238356630006e+01
1.064573744730127913e+01
1.064452321405165414e+01
1.063727879010413346e+01
1.063324930451557115e+01
1.062889151517182640e+01
1.060828851817919549e+01
1.060508196675193382e+01
1.060475243416535385e+01
1.060310676989104373e+01
1.060286810212815212e+01
1.059844780483720150e+01
1.059315118084110274e+01
1.059080087441185292e+01
1.059018576685065405e+01
1.058340870770491016e+01
1.058252746631864660e+01
1.056960432590014953e+01
1.056898794496081706e+01
1.056854462294357333e+01
1.055930032494832460e+01
1.054593265878869168e+01
1.053818040874327977e+01
1.053714911018042777e+01
1.052220566507810595e+01
1.050846767081411137e+01
1.050750102720777157e+01
1.050061016296278638e+01
1.049922459037031963e+01
1.049818102065690439e+01
1.049750776129273255e+01
1.049358090533972998e+01
1.049230435909524140e+01
1.047975651031431177e+01
1.047552560877399586e+01
1.046232134990257912e+01
1.046217422714330958e+01
1.045912308291580395e+01
1.045575708417509198e+01
1.045505427932230269e+01
1.045346371873890590e+01
1.044347362030553938e+01
1.042839695518249243e+01
1.042303971156161424e+01
1.042140271429345333e+01
1.038890602331313318e+01
1.038271899279639499e+01
1.038198226380126421e+01
1.037985937239126244e+01
1.035855315707297208e+01
1.035655427290844877e+01
1.035404188915974188e+01
1.035379131403012920e+01
1.035076212661317641e+01
1.034729763484350507e+01
1.034281891137410980e+01
1.033629351455271639e+01
1.033595413635369376e+01
1.032955266883571532e+01
1.032772963991632587e+01
1.032498203202385234e+01
1.032203908764108746e+01
1.032197954139597940e+01
1.032094475588236904e+01
1.031850477484671202e+01
1.031822740288937190e+01
1.031167551972902707e+01
1.030845962956108686e+01
1.030597772936356193e+01
1.030311444953664513e+01
1.030240458200145603e+01
1.029726786649835724e+01
1.029555740907584216e+01
1.029312615565146061e+01
1.028992095278443486e+01
1.027629883696458180e+01
1.026596838330846850e+01
1.026361315424888510e+01
1.026316337743360485e+01
1.026189447824652667e+01
1.025321491428950971e+01
1.025266967374433058e+01
1.025130132468082778e+01
1.024899933827800780e+01
1.024454227792532812e+01
1.023975463503274241e+01
1.023957327645725179e+01
1.023669083749039288e+01
1.022241538802672345e+01
1.021007750303728479e+01
1.020505450264198721e+01
1.019416615733900855e+01
1.019031230507234298e+01
1.019021005778972189e+01
1.018871517703644436e+01
1.018865945808184748e+01
1.018800838081221194e+01
1.018073182789843578e+01
1.016478995773820415e+01
1.016174643463051552e+01
1.016109272840717104e+01
1.013967575123404075e+01
1.013704735826531689e+01
1.013632892042973310e+01
1.013259804640754780e+01
1.012972360603139776e+01
1.011374766574263617e+01
1.011060117486126941e+01
1.009915850891547251e+01
1.008267240361612771e+01
1.008229429757192186e+01
1.007227872914485012e+01
1.007202627340997836e+01
1.006700106055881427e+01
1.006421112153735287e+01
1.006005909285032018e+01
1.005561180300698254e+01
1.005049389204404875e+01
1.004424009110547011e+01
1.003202965570444505e+01
1.003065966521847940e+01
1.002498918545336082e+01
1.002280431762292068e+01
1.002109780766127756e+01
1.001014823029414735e+01
1.000710299101922551e+01
1.000458975739322831e+01
9.985353352410626826e+00
9.985321555143420014e+00
9.984988510509992921e+00
9.976251139936900714e+00
9.974066401517223568e+00
9.972400202726406704e+00
9.964377393448613063e+00
9.945698760365909052e+00
9.945356217531966081e+00
9.945139175472620607e+00
9.942084456727457109e+00
9.941377802939653563e+00
9.936797548297244376e+00
9.932131644513425783e+00
9.931724766668189375e+00
9.925989941574744790e+00
9.924792043365991745e+00
9.917900985385131207e+00
9.914100134109023799e+00
9.905380133927051745e+00
9.903945157358933216e+00
9.894938620500784765e+00
9.891011092055110865e+00
9.887333700089214972e+00
9.885402935535173796e+00
9.884244095051233359e+00
9.872740679174674128e+00
9.866925018672354497e+00
9.862072193552458899e+00
9.860015401311379435e+00
9.852077992826529851e+00
9.838408116741492293e+00
9.835996775726323804e+00
9.828840834581200170e+00
9.828023683616898154e+00
9.816578240824370027e+00
9.813400306363787351e+00
9.810572209768029239e+00
9.809730212604236499e+00
9.806222806808621684e+00
9.801862705881845272e+00
9.792612242756769447e+00
9.784333950166839600e+00
9.784269170434802376e+00
9.783538906521499712e+00
9.779335180470974720e+00
9.779254952155651992e+00
9.772234943592188472e+00
9.767331228618882477e+00
9.765414195333560698e+00
9.752016996886601063e+00
9.750013882322635439e+00
9.748395110141904851e+00
9.747070991373538718e+00
9.746929365441342696e+00
9.740458296253683201e+00
9.727924908390509273e+00
9.726602333297771352e+00
9.726297572801826163e+00
9.724408468760250557e+00
9.701488913161652405e+00
9.687565087018018772e+00
9.684691780236615699e+00
9.679230503228975380e+00
9.672278799336600841e+00
9.671176660973170414e+00
9.664700828530419230e+00
9.663222322574972267e+00
9.658878566532532517e+00
9.658163354955700441e+00
9.656967231778661898e+00
9.654692746226587019e+00
9.654563558405516943e+00
9.648075747751455822e+00
9.647407616798426844e+00
9.632408324420341117e+00
9.630038590476841520e+00
9.622111388464363202e+00
9.612894694785762084e+00
9.607623377774773488e+00
9.590858350379406261e+00
9.584057491458107592e+00
9.579382786978845488e+00
9.578188715790009411e+00
9.575904936146990565e+00
9.565633766006113703e+00
9.565184059681474338e+00
9.556503527930871655e+00
9.551048545115280675e+00
9.546502599636037090e+00
9.539778749245620304e+00
9.535397164711678641e+00
9.530823989978088662e+00
9.530658774443592662e+00
9.529769473670187452e+00
9.526191804292148291e+00
9.522837466215078095e+00
9.519712597503252383e+00
9.513521023861992276e+00
9.511948861084414730e+00
9.497378907811938831e+00
9.491058206865504943e+00
9.486613833965531484e+00
9.477007112415730461e+00
9.472664725592759183e+00
9.468132824452533569e+00
9.460926949933059049e+00
9.451107083992857483e+00
9.448112848454311319e+00
9.448080662904088101e+00
9.447801040110553217e+00
9.444444500820653232e+00
9.444192201095633621e+00
9.440066228652916891e+00
9.437142601166458533e+00
9.432961877447180399e+00
9.430967011470649197e+00
9.420872062602452246e+00
9.416113958503785852e+00
9.414244613610543766e+00
9.409575490148299082e+00
9.405688748079169770e+00
9.401710425545411809e+00
9.400851596465145121e+00
9.400267081711614736e+00
9.397935836099128082e+00
9.393617045959231859e+00
9.393223939473100970e+00
9.386814269365345353e+00
9.381279014428205443e+00
9.380921689371643168e+00
9.377852516362120028e+00
9.376450899080213119e+00
9.375043150003602221e+00
9.371451484913860597e+00
9.371333301695438323e+00
9.352556325206000665e+00
9.352440101745189693e+00
9.343132393843013972e+00
9.340960905973751949e+00
9.339272771085386893e+00
9.334530606933629571e+00
9.330957713799847397e+00
9.327983964043994547e+00
9.325215928614616345e+00
9.323457142523745134e+00
9.320989939747940767e+00
9.317626613084492249e+00
9.315374128165791134e+00
9.310951667128524178e+00
9.309856861984782128e+00
9.306741590653196283e+00
9.300971229121602235e+00
9.300872289034176177e+00
9.281694871693726867e+00
9.277856472720589665e+00
9.274383311989186751e+00
9.271773101456496136e+00
9.268534918331113204e+00
9.260198815288553931e+00
9.251898092500093540e+00
9.247120496524972921e+00
9.230567902252252210e+00
9.230350803381909941e+00
9.229599362107117955e+00
9.228839919272017411e+00
9.225270140605086766e+00
9.214101577479587135e+00
9.211459421281531945e+00
9.209949967186339848e+00
9.201571889013674621e+00
9.192557423028048902e+00
9.191261929101534278e+00
9.188099267393807779e+00
9.186852022597166822e+00
9.185667341665471497e+00
9.175804341882447090e+00
9.174674087486412333e+00
9.174426838168615816e+00
9.173219652338559627e+00
9.161287004885545926e+00
9.160989224688353971e+00
9.160064504151998577e+00
9.159083004666126016e+00
9.154834656112772251e+00
9.150056132776878570e+00
9.149495095476140705e+00
9.130929446841056674e+00
9.128015043617331514e+00
9.127569019230067582e+00
9.126227634705642799e+00
9.125429383205252876e+00
9.114365163855049801e+00
9.111278769239630648e+00
9.107901349410692404e+00
9.098844509035227901e+00
9.092777551620757848e+00
9.092650868083490323e+00
9.089725347924280996e+00
9.089085008758651441e+00
9.087738675857188753e+00
9.081754512610407559e+00
9.079761697979471080e+00
9.078754559597969731e+00
9.078430164562725224e+00
9.078005798773517654e+00
9.073705556023393015e+00
9.066975255664123878e+00
9.061781198608281684e+00
9.058810399340554653e+00
9.053469916429603970e+00
9.051774568359784112e+00
9.045995604564188497e+00
9.042559798122921322e+00
9.042225016401353344e+00
9.041249582254675232e+00
9.036426616330327732e+00
9.035605225968941667e+00
9.027834170448517881e+00
9.023923190021889695e+00
9.023463027824742966e+00
9.018058838693550072e+00
9.017349940717137358e+00
9.016110646916903448e+00
9.008767038665695281e+00
9.007532641068209500e+00
9.006726963880407055e+00
9.006473554247843794e+00
9.003663847503391437e+00
8.997759691853444153e+00
8.990147175168264226e+00
8.983752161368922629e+00
8.961834763738263376e+00
8.960353781143716390e+00
8.959798895699806920e+00
8.959031202904816027e+00
8.947212442246755160e+00
8.943098610711528451e+00
8.941832886016729987e+00
8.940845705417785894e+00
8.937973095698735548e+00
8.937115242206713717e+00
8.932410367802392059e+00
8.931430112481869799e+00
8.923362428092691090e+00
8.922827617801912581e+00
8.922643532250781107e+00
8.922230685257547478e+00
8.921970817307027346e+00
8.920265036603302278e+00
8.911814202212156033e+00
8.910920835342242441e+00
8.910179390489410878e+00
8.904943366828764084e+00
8.889319158482061667e+00
8.878582115607507319e+00
8.876959453735235428e+00
8.857132999780382931e+00
8.856987716298478475e+00
8.856601824428201652e+00
8.851707724760903062e+00
8.849073451935133505e+00
8.848851422221859053e+00
8.846131485522215954e+00
8.846007925079753420e+00
8.845670438945175462e+00
8.840543275285670077e+00
8.838991737215495803e+00
8.829733873503442965e+00
8.820716032510057758e+00
8.817034282040271620e+00
8.816692545155719429e+00
8.812186443216855736e+00
8.810188483112346702e+00
8.809332089122477782e+00
8.805834601009770779e+00
8.804833473479328987e+00
8.795323924525510151e+00
8.793734471665965557e+00
8.790397122751450354e+00
8.783736771702061574e+00
8.779529102542776187e+00
8.768775046722169009e+00
8.766239024993168982e+00
8.764708635758461597e+00
8.763620486643338481e+00
8.763000671875849079e+00
8.747667741706997901e+00
8.736238705842692909e+00
8.735185417521815765e+00
8.734873298963780286e+00
8.727754090870966763e+00
8.724151641278487190e+00
8.721544913359865703e+00
8.717324876453314886e+00
8.714825773704944822e+00
8.713160394188646407e+00
8.712604941775172307e+00
8.710187283834269323e+00
8.708885382798829511e+00
8.708142779343999607e+00
8.707306365706138251e+00
8.700689442297450782e+00
8.686715019777627944e+00
8.684875828152971877e+00
8.677042658072155135e+00
8.675747441923059355e+00
8.674074797467667963e+00
8.669933983562364332e+00
8.663507192556606284e+00
8.660024511319438290e+00
8.659169998289158343e+00
8.656952276824906534e+00
8.653558124087334491e+00
8.648228091983300558e+00
8.634068422852104518e+00
8.626581382974606527e+00
8.626174684197199127e+00
8.607719570398220554e+00
8.606071337264022958e+00
8.602260049400294761e+00
8.599360593911368866e+00
8.598981420966197220e+00
8.598041718467094086e+00
8.584999058630032209e+00
8.584053739405790751e+00
8.579926636546913343e+00
8.576883650890342992e+00
8.573763599449859996e+00
8.573762783250657549e+00
8.573547304999898699e+00
8.567299914822051221e+00
8.567230944619511845e+00
8.566989948955072265e+00
8.557499879331283310e+00
8.557289771118439248e+00
8.540592722120083025e+00
8.532555360058994509e+00
8.523942334749015970e+00
8.514362370234785260e+00
8.513981011893880790e+00
8.513613397282068007e+00
8.512350604670341880e+00
8.507262437238322761e+00
8.507017372681479728e+00
8.505816774081484510e+00
8.494998120112587259e+00
8.492649852199287253e+00
8.489360172455629794e+00
8.481380925931281567e+00
8.472743764427789870e+00
8.472275354093667943e+00
8.460846020123154787e+00
8.454573453471972755e+00
8.452775107381633291e+00
8.452344861109986951e+00
8.442473201186846410e+00
8.441972256141168529e+00
8.441741278131067006e+00
8.440360278138932415e+00
8.439294060116951712e+00
8.437213536402232705e+00
8.437135641371925843e+00
8.435855458520370220e+00
8.434733885855978386e+00
8.422972369713026097e+00
8.421490638678349683e+00
8.420155583644021391e+00
8.419386923561100744e+00
8.415172563255540084e+00
8.413142938779230917e+00
8.403829138194710779e+00
8.401114339493778616e+00
8.397357132329076990e+00
8.393988395379633261e+00
8.388206246423758117e+00
8.386435993849996606e+00
8.382941779200296040e+00
8.379998266591190514e+00
8.377967616554833796e+00
8.377325756890201092e+00
8.371951825485666632e+00
8.366086998895937654e+00
8.353451236845105043e+00
8.349790846836201652e+00
8.346907324143739260e+00
8.340298667611534711e+00
8.336723764512054657e+00
8.335231993053881183e+00
8.326801631765068379e+00
8.318766635618965566e+00
8.312350177803327966e+00
8.311699322808417278e+00
8.305969224725620492e+00
8.305927837675984193e+00
8.305223225151110000e+00
8.303412508382368884e+00
8.303367388997182630e+00
8.301419016760068104e+00
8.299151265430634083e+00
8.296482352190185594e+00
8.282230646519680661e+00
8.279545149643960045e+00
8.274679178577155625e+00
8.271130518471814241e+00
8.270173717323430651e+00
8.266483572200737484e+00
8.266149541168884340e+00
8.264405290499457379e+00
8.255613595868920740e+00
8.253326871035364221e+00
8.252655746407381088e+00
8.249582001989141489e+00
8.246551046792724549e+00
8.245608084762745094e+00
8.245084408231997841e+00
8.242626609728405995e+00
8.235023612438386209e+00
8.231270628486111463e+00
8.227475325484396862e+00
8.225903867881852349e+00
8.221250762228372366e+00
8.218165740030048738e+00
8.216112939967054274e+00
8.208704569734061707e+00
8.192158873988420353e+00
8.188048399756192808e+00
8.186528058243888850e+00
8.183972564597981503e+00
8.182474777234059360e+00
8.181065856710764805e+00
8.175976290700420535e+00
8.171456807369972708e+00
8.171413090446005612e+00
8.164116643521447614e+00
8.163596497890535986e+00
8.161545404788606461e+00
8.156227215969927613e+00
8.153343751832206721e+00
8.153226658684301853e+00
8.150364858613286856e+00
8.150003106304259504e+00
8.149191117864782896e+00
8.148833648727913825e+00
8.137083518990362307e+00
8.135511086418514282e+00
8.128630060266612389e+00
8.127863185817513880e+00
8.127476864187753947e+00
8.123895149943049176e+00
8.119139986416247012e+00
8.112284625029854368e+00
8.110986562868111704e+00
8.108080822914221386e+00
8.107825861805586953e+00
8.097880069125759306e+00
8.097017329806590169e+00
8.091994548053291325e+00
8.086947007490019601e+00
8.081291538588999401e+00
8.078359517076755481e+00
8.077850552839512588e+00
8.076569389913192509e+00
8.075336530347996700e+00
8.075146913258830494e+00
8.074363143061974668e+00
8.071902272148861357e+00
8.066243445000221612e+00
8.066163461997513551e+00
8.058226601464038907e+00
8.058150769347848907e+00
8.054753411115926909e+00
8.048056840768751385e+00
8.046899809788637725e+00
8.045950027540790472e+00
8.039472102141226983e+00
8.036931550516785094e+00
8.036363638935082321e+00
8.024006654195195765e+00
8.019586146962831563e+00
8.011893542379038280e+00
8.008543469191732100e+00
7.995637524429429988e+00
7.987024014045298159e+00
7.981200000890831703e+00
7.977701020169858381e+00
7.977674988985388183e+00
7.968971773022190952e+00
7.964823495933648800e+00
7.962254038282404522e+00
7.958598263071311685e+00
7.952952389876441153e+00
7.938976397102456950e+00
7.938325448675342066e+00
7.935386073453858380e+00
7.933679102701407082e+00
7.928804804844030052e+00
7.924882285069124954e+00
7.918841749981594624e+00
7.918016261109226406e+00
7.916355475306098732e+00
7.915022627668855115e+00
7.911653206993255694e+00
7.909563878655824887e+00
7.907711706044620037e+00
7.905630972665487199e+00
7.899814466732506979e+00
7.898977437614218111e+00
7.897731834725763456e+00
7.897437244610434171e+00
7.896185371257671726e+00
7.893963200408151692e+00
7.892858712081713968e+00
7.892146123591730067e+00
7.891329587649739352e+00
7.878458128128709603e+00
7.877910320805895594e+00
7.876810555096868782e+00
7.867764351043267546e+00
7.867007573440251811e+00
7.866349833519364232e+00
7.862391827885020668e+00
7.854831032785904554e+00
7.850457882553718569e+00
7.848198736313424462e+00
7.839412161771511123e+00
7.837470364014153645e+00
7.831319448028597030e+00
7.828971235225288261e+00
7.828174319195426278e+00
7.825853282324690241e+00
7.824841541664355304e+00
7.810281116577604266e+00
7.807527517826223118e+00
7.804476940068002300e+00
7.798804564637373815e+00
7.797761510989327682e+00
7.787452748142193570e+00
7.777371527184551603e+00
7.773940937554674413e+00
7.767197795940413485e+00
7.765153101550175130e+00
7.762824865099891447e+00
7.758896971725352643e+00
7.758734154910357006e+00
7.755809425174402527e+00
7.753369447204529585e+00
7.747766813991501245e+00
7.747562064920093583e+00
7.744296864709858674e+00
7.742608765526416192e+00
7.732874375222205998e+00
7.729877998612808554e+00
7.729852556593020729e+00
7.728934505438049385e+00
7.725905042265367229e+00
7.717135517961173363e+00
7.709335010192156723e+00
7.704191564454342611e+00
7.703239465670383979e+00
7.703089502136561073e+00
7.700114121908664622e+00
7.699524100543212235e+00
7.694163567822504213e+00
7.691122593902544935e+00
7.687738374347014236e+00
7.680187927478056231e+00
7.677455645490144143e+00
7.675925355072664047e+00
7.672350631728066972e+00
7.668603610868840015e+00
7.665233285552108811e+00
7.657509012127039050e+00
7.657031237964024406e+00
7.655451163836966444e+00
7.647360544592829434e+00
7.645999340820727852e+00
7.641301717129834969e+00
7.639724548578023189e+00
7.622981648682573663e+00
7.615333222327702600e+00
7.604494141226366466e+00
7.598721325208232180e+00
7.588778117235533749e+00
7.586510896389821568e+00
7.584410143065115406e+00
7.582322171984473336e+00
7.579671121288924951e+00
7.572075963977353830e+00
7.559330160892406170e+00
7.557692990125749688e+00
7.547776922826376023e+00
7.542237049642742441e+00
7.539866696832127957e+00
7.531398226222854042e+00
7.529583967618253659e+00
7.528567403587539175e+00
7.524955055849184227e+00
7.523238842294154516e+00
7.512413955306563196e+00
7.511907142119916614e+00
7.507856956785408542e+00
7.505041408592435737e+00
7.504133967816987827e+00
7.503186487596696708e+00
7.500102329355878616e+00
7.499842325059336900e+00
7.496915993446998883e+00
7.491660511850760429e+00
7.489595941842961402e+00
7.485348396390242520e+00
7.485237243650184169e+00
7.476361394123106408e+00
7.471788859370124491e+00
7.466714368627097365e+00
7.456563409536345333e+00
7.452552031985423042e+00
7.446880842309385962e+00
7.443566712706498834e+00
7.441956650318170219e+00
7.441144332941166617e+00
7.436007354907652633e+00
7.428042646483531186e+00
7.425683627529860331e+00
7.423867665863830290e+00
7.421968286786380098e+00
7.417537828717963855e+00
7.405603484008213222e+00
7.400211626947445609e+00
7.398170430361409977e+00
7.397690314249523169e+00
7.397373801987759734e+00
7.383983331590883381e+00
7.378475698822944295e+00
7.378242843309348764e+00
7.364088449011037874e+00
7.360451508245369645e+00
7.358661199494719973e+00
7.358523104026701844e+00
7.344789130716673498e+00
7.344132149506998886e+00
7.341789124504867203e+00
7.337911325443941202e+00
7.337254588029523461e+00
7.335920282739466280e+00
7.332411100506341484e+00
7.330080571047943749e+00
7.324977031267414063e+00
7.323881097404108864e+00
7.315085031542798433e+00
7.311596671499560607e+00
7.309138424748977236e+00
7.307259140808903375e+00
7.304327706049249080e+00
7.292105647886521602e+00
7.288954033922049547e+00
7.286160043931314334e+00
7.282533543577268453e+00
7.274992434674437902e+00
7.274003436736721895e+00
7.269294497189325632e+00
7.261853366672217369e+00
7.255379966282342608e+00
7.251556413475929830e+00
7.243491442376387646e+00
7.243166783942580622e+00
7.242115422762596566e+00
7.232254283551591278e+00
7.228603439132874620e+00
7.227822495705129136e+00
7.227664682161608845e+00
7.216314716044275990e+00
7.209733550534917157e+00
7.207022167739857821e+00
7.199080574240824149e+00
7.193452355046159319e+00
7.191178058308711485e+00
7.186546262038906896e+00
7.177127079430817957e+00
7.174853972738724828e+00
7.173734185111820594e+00
7.171170307546682388e+00
7.165251342610001295e+00
7.157846789519843433e+00
7.155107144293336496e+00
7.151624167782513197e+00
7.143668704591343399e+00
7.138125098779823929e+00
7.134794530825121051e+00
7.131895924117442220e+00
7.131139844393586280e+00
7.129806073322663806e+00
7.125682083968643887e+00
7.123021394222396552e+00
7.120926503968686205e+00
7.114329227469810668e+00
7.112508713627125445e+00
7.102948910553872786e+00
7.094797587218572232e+00
7.093495170533987704e+00
7.090728870416629803e+00
7.070003363662578089e+00
7.069931630701300485e+00
7.069061336937071616e+00
7.061694353958415604e+00
7.057096202232796323e+00
7.052554981933606193e+00
7.051737241790033472e+00
7.050646920108015081e+00
7.050346517017597847e+00
7.049889302791053858e+00
7.045353254212954219e+00
7.035987360148972414e+00
7.029872274175673397e+00
7.026220346338180711e+00
7.023010387673109811e+00
7.020461767660012065e+00
7.016626178781308454e+00
7.012554253984851549e+00
7.011397861072234505e+00
7.002187278832901818e+00
6.998453948986309570e+00
6.984129992998469483e+00
6.981906812641465621e+00
6.978029128449235508e+00
6.977070176416363623e+00
6.974863219628736566e+00
6.970011610988067652e+00
6.966268796880044967e+00
6.964723545397297322e+00
6.964421382839968366e+00
6.962666945207967473e+00
6.960898603446191935e+00
6.959501447761626380e+00
6.950610822779573539e+00
6.946586584397312691e+00
6.937419654386154377e+00
6.932802573127241352e+00
6.928354022743604901e+00
6.927705584398456296e+00
6.919232677323974734e+00
6.918453342643966941e+00
6.915212247996407768e+00
6.912882783144509879e+00
6.910942261664801300e+00
6.910188874143727844e+00
6.907261542620003247e+00
6.907025936186017567e+00
6.900370066372910394e+00
6.897763905075457558e+00
6.896177349571403603e+00
6.895190264688912052e+00
6.893709246032345916e+00
6.888263862469703902e+00
6.884493853396301155e+00
6.882728077841330006e+00
6.875177753296863870e+00
6.874043034525583629e+00
6.873975093784214785e+00
6.870171433310227727e+00
6.865402756140391638e+00
6.864810852519091178e+00
6.855319769090983506e+00
6.850669558494542954e+00
6.849232160647837020e+00
6.839560722536765169e+00
6.837491095984634448e+00
6.833190858421656522e+00
6.833128453040195893e+00
6.832283852956735792e+00
6.830372430573060427e+00
6.828934658373801980e+00
6.828895322940827128e+00
6.828441768771776665e+00
6.819352049810536442e+00
6.814428544573721602e+00
6.811747822770585437e+00
6.790693946708464601e+00
6.788822096473171364e+00
6.783937341585406067e+00
6.781208451391393943e+00
6.776531885490802765e+00
6.771088495792363382e+00
6.768619532536686023e+00
6.760963825584855869e+00
6.758931758683534241e+00
6.758705196410658367e+00
6.758410383713727043e+00
6.758341539397686226e+00
6.755301078669027959e+00
6.753384990949928834e+00
6.753132091703384354e+00
6.747099278826812707e+00
6.745485197280790324e+00
6.742459222885440084e+00
6.734389856102138694e+00
6.732279342545405498e+00
6.731632600306269865e+00
6.731036535355424455e+00
6.729413369452061033e+00
6.726495735740922299e+00
6.723143540652491978e+00
6.722657011502820801e+00
6.720474497003587899e+00
6.719392650418154922e+00
6.717655387537295297e+00
6.710762439510398636e+00
6.699514127102906613e+00
6.691020852230105120e+00
6.690156148476188669e+00
6.688947370213696786e+00
6.688336190728253250e+00
6.685926154300346980e+00
6.683460862947001146e+00
6.681579246966871111e+00
6.676065866621228473e+00
6.670464567890296514e+00
6.666077488168157039e+00
6.663331791333164666e+00
6.662808257485816732e+00
6.660777494240499585e+00
6.656700365989964396e+00
6.648117870193055445e+00
6.629970490144372341e+00
6.629786345104863088e+00
6.626476537538749767e+00
6.625252792083560216e+00
6.619688961264571070e+00
6.614527001328235123e+00
6.603745238915561089e+00
6.593951180247899835e+00
6.569193247455703322e+00
6.562391221082776838e+00
6.561122390145768257e+00
6.554147883041562039e+00
6.546872663962445493e+00
6.545940095285028626e+00
6.544966249983789730e+00
6.543435688450053078e+00
6.543236977735801929e+00
6.532719139843321088e+00
6.532606832208720959e+00
6.528181856719808884e+00
6.527041234955132332e+00
6.522651536457667376e+00
6.517804539480073878e+00
6.516187282889138288e+00
6.506925596758806662e+00
6.500862174428718276e+00
6.491261526624989564e+00
6.490965432314053984e+00
6.486449819474847445e+00
6.479900397398678180e+00
6.477284415031522968e+00
6.474769730666174894e+00
6.474316531689143339e+00
6.458035448974533743e+00
6.457349643824799479e+00
6.452020372783578317e+00
6.448837708033186011e+00
6.445706811249487522e+00
6.443396066266791955e+00
6.442603193834520070e+00
6.441887903718741981e+00
6.438602722894563257e+00
6.438160247723109464e+00
6.436387914498944873e+00
6.435423116769078966e+00
6.426349959335429851e+00
6.423066011404901410e+00
6.421288057729159782e+00
6.420647686814971777e+00
6.419479683504851764e+00
6.413297358655718483e+00
6.408646293670637206e+00
6.408565476490211132e+00
6.404555839669486161e+00
6.395388650161822675e+00
6.389553331757388044e+00
6.384306925100225349e+00
6.368722702448343931e+00
6.360599766073222305e+00
6.355799082820579038e+00
6.349858893458483422e+00
6.348261173025692372e+00
6.344255608187848949e+00
6.343262973331230903e+00
6.339789289338821021e+00
6.329173490423954718e+00
6.325905424752924944e+00
6.320407990605402482e+00
6.314746239842262909e+00
6.308918066755156318e+00
6.299069169032369686e+00
6.297074087775624385e+00
6.292512748237670372e+00
6.290740515100694097e+00
6.279610774659852623e+00
6.275105869200388931e+00
6.272669128473399525e+00
6.272014376892154353e+00
6.263204944795341511e+00
6.261957754737695225e+00
6.248930755737365672e+00
6.248000849939018053e+00
6.241966850049453619e+00
6.236912794736447552e+00
6.236794251537395084e+00
6.231427747683685681e+00
6.229970817924908033e+00
6.195349723469051106e+00
6.193826862064401695e+00
6.190400577315621433e+00
6.190339069786062964e+00
6.186308016135174448e+00
6.184555865452352030e+00
6.180592414036107485e+00
6.180096690028848982e+00
6.171599742380907472e+00
6.171171945902624856e+00
6.162149318401576537e+00
6.155162063970057496e+00
6.154937256396841860e+00
6.154934320909082324e+00
6.154555877769944061e+00
6.153295976046187832e+00
6.151376532631497085e+00
6.149604357182771430e+00
6.148831407716586206e+00
6.147097591014018647e+00
6.146652963278578241e+00
6.143304544526927202e+00
6.137515242773372570e+00
6.125561043034926101e+00
6.121573678298151577e+00
6.118418701085151845e+00
6.116906457803385599e+00
6.109175703379182920e+00
6.108847332091976945e+00
6.100664627862269818e+00
6.097173794641109090e+00
6.094010420708051434e+00
6.089866129016647811e+00
6.085681443068237328e+00
6.076611901232452873e+00
6.075130313937870064e+00
6.070646551864086859e+00
6.067735352949966909e+00
6.062934512344761551e+00
6.053273023793302343e+00
6.052791351791785068e+00
6.052042153150061665e+00
6.047171967335074783e+00
6.039152521339230084e+00
6.028748021885072639e+00
6.025963449924306659e+00
6.012741560495493687e+00
6.009979701287464060e+00
6.009279720494499877e+00
5.999174471612835902e+00
5.998296968834126552e+00
5.987429346671355290e+00
5.982241054605271557e+00
5.979849335133792465e+00
5.964551017209802630e+00
5.962732988366754583e+00
5.960064363863358139e+00
5.958946991507154678e+00
5.958623420476693688e+00
5.956012284289785796e+00
5.955986637860858579e+00
5.950230567237393409e+00
5.947891984583224989e+00
5.937526319074006409e+00
5.927582027302710443e+00
5.925130303724313485e+00
5.920168557311511037e+00
5.919657544724914899e+00
5.914412994182790761e+00
5.909721340908680176e+00
5.908621802487219021e+00
5.907660001294507524e+00
5.907441397560882379e+00
5.906912950095380310e+00
5.904223248810180458e+00
5.902056161232482445e+00
5.895622734066598092e+00
5.879639532357658460e+00
5.879637754095220714e+00
5.862090940267243866e+00
5.856129535623207261e+00
5.853568936107636844e+00
5.852569847812337578e+00
5.845763516192203468e+00
5.832276914824126912e+00
5.829351533018395592e+00
5.825800875630281261e+00
5.824751511162492790e+00
5.812616612649621040e+00
5.809621179171386096e+00
5.801090390256227636e+00
5.797910666234090016e+00
5.796305818959609724e+00
5.795491973051762002e+00
5.794010018282908625e+00
5.791091698090744089e+00
5.778389552640663673e+00
5.775745796466472903e+00
5.772912701208633202e+00
5.770107707947664366e+00
5.768573431342608693e+00
5.766151457029923044e+00
5.764867536060763520e+00
5.764502303300123032e+00
5.757320597887848557e+00
5.756187305999433512e+00
5.748193240983215269e+00
5.745649088853037156e+00
5.742928399318401489e+00
5.740108335603175682e+00
5.736992137470414477e+00
5.733603775223353516e+00
5.727084087419802572e+00
5.722707780422251034e+00
5.719327859595573216e+00
5.717160868507663807e+00
5.714525637924302792e+00
5.710048567602699521e+00
5.708662803274229702e+00
5.702994426687145513e+00
5.700084603485363388e+00
5.696870467556539808e+00
5.694760563089070082e+00
5.694391966675106609e+00
5.691035189463515387e+00
5.689314840269588558e+00
5.688393139739377879e+00
5.688240707974579813e+00
5.683013218015850576e+00
5.675349137693852519e+00
5.669487421329060695e+00
5.665925875935823974e+00
5.665549563887466000e+00
5.652743444200577727e+00
5.649044277002581715e+00
5.647893628136124278e+00
5.645043034662947434e+00
5.642591624938583905e+00
5.642010212030555749e+00
5.628407796762039617e+00
5.627337719102698088e+00
5.624229531960224904e+00
5.621111417870890747e+00
5.619199317937138005e+00
5.618838756948075108e+00
5.614922415918662146e+00
5.613047869170801896e+00
5.609097041631208036e+00
5.606439284493239583e+00
5.603546030623121510e+00
5.600347905894592415e+00
5.589091666695963134e+00
5.585962823586702264e+00
5.581941304421653705e+00
5.564577670996793124e+00
5.562168635250202442e+00
5.559260335751583071e+00
5.555576102835760643e+00
5.555045847627004818e+00
5.550989512492693123e+00
5.548824046318255654e+00
5.548616465782565399e+00
5.547721417762126350e+00
5.542893385626882718e+00
5.539647778980005377e+00
5.537923007814342213e+00
5.534926608098813539e+00
5.533930373362816013e+00
5.533214200536885841e+00
5.527855835172644561e+00
5.524341745442210794e+00
5.513248116617884165e+00
5.507891855763709543e+00
5.502684648472033757e+00
5.498734986293899674e+00
5.497774399900878350e+00
5.492161940791274510e+00
5.489712570648634937e+00
5.488238537537401207e+00
5.480974080848135976e+00
5.472957413505008972e+00
5.466388082300551510e+00
5.465134926280643235e+00
5.458948627952106669e+00
5.453067673190118647e+00
5.445925043547956257e+00
5.442910567718439729e+00
5.441175091037584899e+00
5.436185358185166905e+00
5.433793737497828680e+00
5.431751609258219204e+00
5.431029018941755382e+00
5.428355368041204443e+00
5.427321952012727380e+00
5.424159718291862831e+00
5.416417397184037696e+00
5.407415325452944010e+00
5.406757752974933773e+00
5.404736666634344822e+00
5.400542903266781103e+00
5.400483899073172722e+00
5.390868011471208199e+00
5.390409417412041826e+00
5.382503564227150150e+00
5.376874924633819219e+00
5.371927688482481145e+00
5.371547041698352842e+00
5.371337864031296760e+00
5.369795761977137261e+00
5.366828214222855387e+00
5.363028486954689811e+00
5.361447420260827990e+00
5.355009821007822524e+00
5.352388661373847611e+00
5.346163806522323370e+00
5.346129425729802875e+00
5.345904370876560563e+00
5.342446141418522920e+00
5.341970968414181620e+00
5.337014413126766499e+00
5.336330693565532357e+00
5.328644047880226609e+00
5.327729229167742275e+00
5.316734764855024942e+00
5.312481387093766827e+00
5.310540619964754683e+00
5.308385056469041352e+00
5.306402815302928566e+00
5.299828794662948539e+00
5.299260891670475537e+00
5.299094113929632144e+00
5.298076722514852399e+00
5.297942248660469922e+00
5.296493245110834636e+00
5.294397378870906223e+00
5.293282303693731095e+00
5.280970376417291057e+00
5.274860403567823042e+00
5.273025194212038969e+00
5.272821053466617336e+00
5.267960079180918243e+00
5.261857622799800183e+00
5.261426433193079788e+00
5.261120745524639375e+00
5.257884498953734997e+00
5.257465216235652328e+00
5.249349604516198475e+00
5.248853298231661135e+00
5.247847215360985196e+00
5.244979212390792789e+00
5.241102589245959287e+00
5.235827603353383708e+00
5.232955089259493597e+00
5.228910754312861897e+00
5.227024806593219886e+00
5.225313821691899285e+00
5.219557290791971838e+00
5.209883217370371078e+00
5.199385974700318158e+00
5.194050047828628891e+00
5.193655877574629542e+00
5.187811587829780358e+00
5.183941579250819665e+00
5.178115334812448900e+00
5.174085074394246142e+00
5.167677780663558984e+00
5.149400889007499593e+00
5.148755178027965229e+00
5.147189252243578039e+00
5.141195614285456017e+00
5.136586863865657548e+00
5.133946430138450090e+00
5.131691807613811385e+00
5.129931108775238613e+00
5.127946607235473131e+00
5.122499256396395140e+00
5.115923310275825919e+00
5.114382588734707191e+00
5.108566958079689080e+00
5.105569867560986630e+00
5.104413485715647347e+00
5.095435084443714402e+00
5.092684518496159107e+00
5.090777498403226353e+00
5.089894356111051010e+00
5.083791436014863940e+00
5.071600604452955352e+00
5.066406090253324557e+00
5.063997254408564075e+00
5.063661413097618080e+00
5.063501460195184656e+00
5.057297146011932476e+00
5.056278061394270829e+00
5.054416269890446678e+00
5.050784037412833882e+00
5.049776487529956448e+00
5.046153743329371721e+00
5.037597542946751439e+00
5.036630357756783027e+00
5.033970710695747641e+00
5.030455670363165765e+00
5.030227085640485818e+00
5.029367217874165519e+00
5.025948898663330944e+00
5.012834567228596327e+00
5.010711775628553077e+00
5.005285568226716109e+00
5.001074723928137011e+00
4.991591617715776863e+00
4.990716260961646888e+00
4.988665934229179477e+00
4.986583495496264007e+00
4.986570682288575362e+00
4.985592173681343553e+00
4.980255566977561443e+00
4.976459001683704919e+00
4.974649313437838671e+00
4.973343883360048956e+00
4.968603779468577564e+00
4.966585024850806107e+00
4.965687806960424666e+00
4.964881571749495848e+00
4.959927807976900027e+00
4.957701197606453114e+00
4.953491498033620211e+00
4.946324796121774447e+00
4.946001437727765015e+00
4.936132679510041754e+00
4.934580877325251969e+00
4.933098014738355630e+00
4.930813868085113683e+00
4.916389198676516692e+00
4.913358341017614705e+00
4.910810307207800207e+00
4.908435988264402638e+00
4.902807646439917733e+00
4.897065756671103109e+00
4.893964675124421682e+00
4.889872356033889034e+00
4.889183292270456782e+00
4.888648963017418581e+00
4.887595797070708237e+00
4.877924882760440006e+00
4.873818025776329499e+00
4.873780387021049876e+00
4.865327535909626633e+00
4.862088544421578895e+00
4.859162615336740210e+00
4.857678948756080750e+00
4.855641094683658565e+00
4.854013097927591502e+00
4.850823460064798809e+00
4.848296909052550951e+00
4.847179177623488044e+00
4.845715316425173391e+00
4.844023372277090900e+00
4.842940990871022144e+00
4.836922078222364973e+00
4.833593013902567570e+00
4.829193451888970756e+00
4.823970338680183545e+00
4.812832266340779874e+00
4.812311917120371874e+00
4.811779348180895255e+00
4.809590357609905276e+00
4.806517885424482550e+00
4.802992245245350844e+00
4.800494652545244101e+00
4.798772096434547052e+00
4.796612331341094659e+00
4.794737386863492823e+00
4.793410303301977038e+00
4.782589582436579612e+00
4.772789489930629792e+00
4.770709234553565103e+00
4.760330116395642186e+00
4.760049359390364110e+00
4.758670159177211367e+00
4.757187766568399034e+00
4.755242033410404190e+00
4.751588837998798276e+00
4.749677107995027292e+00
4.744390482836524647e+00
4.743688042366849267e+00
4.742586371499250220e+00
4.739693868829093937e+00
4.738356817911946628e+00
4.737949236973061140e+00
4.735150199204454680e+00
4.734618353064756313e+00
4.733067189794490481e+00
4.732448976407520824e+00
4.728757149750237865e+00
4.727154164717047635e+00
4.721326518832387187e+00
4.719519349371567252e+00
4.717226807191266857e+00
4.717099557906565543e+00
4.717070852345719878e+00
4.716340258308854061e+00
4.715354766124848496e+00
4.713593764142568254e+00
4.709910377492581013e+00
4.705160264850544394e+00
4.704483861859958260e+00
4.696294525747179982e+00
4.696135212827804217e+00
4.693747968236930745e+00
4.690446627710838534e+00
4.689465710804316068e+00
4.686110936648517189e+00
4.683347761334434978e+00
4.682650420908944788e+00
4.674647396873701233e+00
4.670912128794782348e+00
4.660531539499179310e+00
4.657051699792004840e+00
4.655508662291730104e+00
4.654381539539092394e+00
4.649775716508331769e+00
4.648092956802195808e+00
4.636173559448073078e+00
4.633574871654647431e+00
4.632753866287715461e+00
4.628924318786411085e+00
4.628319890043099072e+00
4.627262798274283107e+00
4.626830809852984672e+00
4.625892320832110549e+00
4.622790518448259611e+00
4.622576292998600067e+00
4.621551885184266517e+00
4.616992281321172342e+00
4.609996736488730207e+00
4.600236551158046083e+00
4.600217393698432744e+00
4.594808157801613113e+00
4.581009456235871191e+00
4.580851882378972562e+00
4.576187825163828826e+00
4.573953986578787934e+00
4.571203497254915149e+00
4.569775449005544665e+00
4.563029494343782133e+00
4.554068568704655817e+00
4.551780153163021758e+00
4.551530687522786778e+00
4.539267025508533671e+00
4.538940629778535296e+00
4.531875956935801142e+00
4.525754947699879516e+00
4.522795165120608196e+00
4.512605322429776855e+00
4.511866727504274088e+00
4.505661665347865608e+00
4.505203657865509470e+00
4.504627470411324275e+00
4.494714927527746262e+00
4.493706107281300710e+00
4.490752284724329968e+00
4.485753628936734572e+00
4.476979715299638229e+00
4.473338761587458023e+00
4.473282632118125157e+00
4.473210630140892263e+00
4.472390657813106962e+00
4.465599227853711994e+00
4.460357254479187183e+00
4.458510698764474256e+00
4.456310055522630265e+00
4.454308952079612638e+00
4.448406367131710226e+00
4.447701978149827262e+00
4.441871321503357173e+00
4.440690038623416491e+00
4.438707702896111051e+00
4.433875546813731638e+00
4.433049010467341233e+00
4.432012449097086915e+00
4.431848279570474780e+00
4.431337876099811446e+00
4.423345071862438971e+00
4.422836572215358864e+00
4.414588019794040363e+00
4.402915705678241309e+00
4.396330349680828142e+00
4.389891548127921261e+00
4.383286176038843074e+00
4.379437831495054390e+00
4.377584689771303772e+00
4.373893610289072420e+00
4.366597985935439574e+00
4.349076578474970312e+00
4.344996292562121276e+00
4.341561748854549485e+00
4.336507380171205739e+00
4.336071603601139302e+00
4.334197237207249032e+00
4.328379689835053057e+00
4.326352010356195876e+00
4.320360374915810375e+00
4.316849290775439663e+00
4.313874274070405690e+00
4.311492309607037221e+00
4.306316861910798544e+00
4.302095229490151773e+00
4.291032126219031184e+00
4.288956497585029837e+00
4.284139646994058914e+00
4.280989664509397663e+00
4.278558402130927973e+00
4.276473275743032154e+00
4.269867306975037913e+00
4.267007487041961866e+00
4.263226117933555770e+00
4.262399940213735583e+00
4.250236475862151586e+00
4.249347338047678058e+00
4.247293843915460165e+00
4.242680275960865721e+00
4.236109703606246057e+00
4.229664640708232781e+00
4.218632357733920202e+00
4.202395456961674824e+00
4.201906402035125332e+00
4.201581714792402167e+00
4.199505381978761775e+00
4.196268427271943935e+00
4.194572915070069463e+00
4.192789642663213634e+00
4.190576731914760877e+00
4.184292473413584013e+00
4.180330703846471430e+00
4.179626069932012022e+00
4.175755468021463912e+00
4.173158270933296166e+00
4.172412692193886663e+00
4.170968478348197728e+00
4.160878000112461450e+00
4.160098105808008206e+00
4.156092138407816883e+00
4.155140792516008652e+00
4.150358557781254731e+00
4.138262542127851162e+00
4.137469927770895062e+00
4.131822202531927779e+00
4.120550419970119727e+00
4.119499150469071225e+00
4.117938312903372200e+00
4.115917856962933108e+00
4.111704277578690281e+00
4.111192806785108012e+00
4.103188755393878395e+00
4.102503421374447790e+00
4.100421196612887620e+00
4.098271852340356958e+00
4.096043505988813394e+00
4.093677984219481480e+00
4.088935349848187961e+00
4.083815622680662116e+00
4.082669080713362320e+00
4.076291579903865703e+00
4.065833401336409025e+00
4.050692806580866723e+00
4.050410659898659560e+00
4.043839036119726948e+00
4.029442785288159357e+00
4.027458135015400842e+00
4.021571312655805031e+00
4.020335917767059897e+00
4.020301699589522215e+00
4.016977186259701682e+00
4.012210946061624206e+00
4.012143614765656174e+00
4.009709574112751973e+00
4.009186617312612277e+00
3.999598528348902615e+00
3.996018969588357450e+00
3.994402455378922134e+00
3.987988679603980291e+00
3.984036733739007463e+00
3.981933081070095248e+00
3.981300634707623853e+00
3.976828265212898561e+00
3.976345518713561678e+00
3.975462267119935333e+00
3.974902407771331525e+00
3.972381695293675463e+00
3.968728578171307753e+00
3.968434101089805210e+00
3.968150697719459163e+00
3.966515414208104939e+00
3.963564989002079653e+00
3.962254647692537102e+00
3.961169414615120399e+00
3.955461414446017177e+00
3.948836585696929191e+00
3.947794898275105435e+00
3.946688949329444362e+00
3.944746376814212585e+00
3.943259583990107231e+00
3.942265973312542027e+00
3.941150953325218698e+00
3.939826381938738908e+00
3.929776043312794176e+00
3.922481498404680966e+00
3.915192343059690661e+00
3.911618434658259424e+00
3.906089921534982246e+00
3.902710591852388333e+00
3.897994046834678539e+00
3.890215944519437752e+00
3.888073858801416094e+00
3.882097903289640772e+00
3.868316246116442425e+00
3.859131590327413264e+00
3.858452914804709089e+00
3.848921096315515822e+00
3.847272897538223546e+00
3.846304171727704890e+00
3.841694057859224909e+00
3.839923734925934973e+00
3.838903536354559609e+00
3.838317945498586958e+00
3.837218447201945715e+00
3.825048038514725857e+00
3.824465305890558220e+00
3.823400002590810587e+00
3.823337145989387231e+00
3.821001433030100536e+00
3.820408964834649090e+00
3.811233028651097143e+00
3.806594969123341610e+00
3.805292012701674498e+00
3.798336658888229245e+00
3.796843811376677369e+00
3.789563001951387733e+00
3.789063447806418239e+00
3.781334632365243031e+00
3.781033459090773263e+00
3.780291577946127024e+00
3.777558113597370149e+00
3.771613052987582648e+00
3.770841494983055764e+00
3.770364792068713555e+00
3.770161754981775637e+00
3.767449162694924247e+00
3.767387773639492732e+00
3.766487634739334567e+00
3.765117756130173632e+00
3.764269408021161833e+00
3.757809656099889040e+00
3.753569782369741148e+00
3.748856630893875330e+00
3.746754411055853939e+00
3.733194695483116110e+00
3.725353153565039932e+00
3.724099168693500772e+00
3.721432982401338574e+00
3.719170984929114798e+00
3.717236340151775842e+00
3.711973429395151403e+00
3.704559867731433087e+00
3.690480980088966412e+00
3.684300073231058903e+00
3.684142084903375469e+00
3.681095765243250550e+00
3.671511082729006059e+00
3.669279183484750018e+00
3.667344625223857957e+00
3.661091848591268239e+00
3.656784356833640448e+00
3.653382741861736616e+00
3.651908667453062307e+00
3.647746646784475910e+00
3.644321086948784760e+00
3.638184081442719098e+00
3.635466748569174733e+00
3.633657560362135275e+00
3.632620521178780759e+00
3.630308520119401194e+00
3.630234294939135964e+00
3.628919463209724139e+00
3.624448521770185394e+00
3.620524188686664147e+00
3.605102642811086611e+00
3.604642462029530758e+00
3.603106389037885382e+00
3.600129323095132783e+00
3.588017180372323978e+00
3.578165596027568895e+00
3.577604394392372544e+00
3.575321814948968058e+00
3.562319351399469092e+00
3.561603871587073034e+00
3.561296595553515409e+00
3.561131437903743979e+00
3.559086508688318773e+00
3.557954482897895065e+00
3.553601875174071445e+00
3.553326288950711120e+00
3.550747193580177541e+00
3.549488622507101621e+00
3.536499516633557771e+00
3.535459820455007396e+00
3.534557689951443482e+00
3.530639311864335994e+00
3.529970077164294562e+00
3.526599198195231821e+00
3.525841869407974727e+00
3.525697710876592783e+00
3.525660633447113668e+00
3.520813363175333777e+00
3.511709300798225630e+00
3.511184528457774956e+00
3.509962743745432601e+00
3.504193519494630316e+00
3.503909218654173596e+00
3.498118688381350427e+00
3.497991769735175449e+00
3.482408604457791323e+00
3.480382931827883830e+00
3.478178074352486604e+00
3.476488588445612038e+00
3.474985236263780752e+00
3.473902343914208046e+00
3.467772938739313027e+00
3.457889105650937100e+00
3.452866332243080372e+00
3.445484686661942408e+00
3.435230496574587900e+00
3.431803054474970693e+00
3.426738082992617951e+00
3.424768242417337127e+00
3.423414395799637244e+00
3.422442395376035229e+00
3.421505656708397236e+00
3.417116504512259123e+00
3.413300583733241744e+00
3.412915129149232119e+00
3.411753805486407831e+00
3.407318315094361783e+00
3.405738488472421999e+00
3.402434448081462559e+00
3.395862142046784271e+00
3.395149811285828712e+00
3.394741485755790489e+00
3.385520464920510619e+00
3.383557024246836242e+00
3.380529418023570098e+00
3.376844066965810853e+00
3.373480489985048347e+00
3.367749543295829540e+00
3.357474733834690195e+00
3.348682231198283787e+00
3.346610395287284767e+00
3.343215331163911230e+00
3.339409132890236442e+00
3.338207235425171948e+00
3.333990173533131429e+00
3.329751751620436906e+00
3.328056837386879963e+00
3.327672890630591240e+00
3.325618123942669868e+00
3.323502122134013526e+00
3.319731032686506822e+00
3.319543148183054182e+00
3.318490559548970431e+00
3.312031731452057315e+00
3.307711974576927449e+00
3.299063137126153844e+00
3.295845404185648420e+00
3.294988364138651704e+00
3.288903166313703164e+00
3.275583640556401388e+00
3.272627724868578891e+00
3.263537539966505641e+00
3.254025730721953114e+00
3.225347518865425034e+00
3.224716667222070399e+00
3.218077380922145903e+00
3.218006239725896833e+00
3.214706989394598313e+00
3.214378023851728106e+00
3.213086084406481024e+00
3.210694391663253544e+00
3.209395058461387507e+00
3.200297736224614553e+00
3.198747889480928919e+00
3.186494387586765509e+00
3.182896208933587268e+00
3.182595123685004523e+00
3.179925592644262000e+00
3.177858372629577044e+00
3.177854674929348366e+00
3.172485735103619309e+00
3.171373535331977411e+00
3.169767766543512444e+00
3.169709928128134013e+00
3.165671436999601518e+00
3.161869571370221621e+00
3.151676454356031165e+00
3.148647614018353025e+00
3.146489325001198711e+00
3.145341094282441130e+00
3.145157057655518784e+00
3.144958198582270104e+00
3.144919760517495444e+00
3.142481827901550062e+00
3.138945030676093761e+00
3.136026033902920229e+00
3.129857741494390666e+00
3.129818810448273148e+00
3.126752868490553450e+00
3.125551474467938018e+00
3.124753595291572594e+00
3.124038877628045441e+00
3.123447251877795594e+00
3.118131854921864843e+00
3.115870197398906249e+00
3.112701955894021211e+00
3.109098548220699865e+00
3.100257587162952522e+00
3.098313368878482521e+00
3.098309993192902567e+00
3.094537960234378993e+00
3.092955257047343309e+00
3.090719582202011040e+00
3.086863159568290715e+00
3.070234968302780754e+00
3.061751490198699521e+00
3.058842340805476567e+00
3.057555268983471741e+00
3.056133168361144570e+00
3.055964158234642625e+00
3.054336240682374637e+00
3.051759460629991150e+00
3.050487932337504482e+00
3.050118829995235537e+00
3.037211827967507993e+00
3.031001594097582075e+00
3.029442097836218650e+00
3.028053829907354277e+00
3.027803841299571364e+00
3.020658304761261626e+00
3.016395821417905854e+00
3.014394133199001402e+00
3.013136630213498091e+00
3.012432731988949453e+00
3.003793671709785063e+00
3.000177456870060766e+00
2.999917053119840471e+00
2.998227866249813633e+00
2.996606166322690612e+00
2.990923852664383098e+00
2.989625842799469080e+00
2.987379084612983959e+00
2.983133796721122000e+00
2.958592428530034013e+00
2.956865696846100011e+00
2.947382024279998181e+00
2.947161080866840699e+00
2.946876126655066042e+00
2.945658249658575478e+00
2.944180379990629426e+00
2.941323813772107165e+00
2.938062873525059349e+00
2.933146738543843668e+00
2.931864181534706404e+00
2.930890881270239223e+00
2.927191288428462101e+00
2.919111185736833924e+00
2.917981199212972498e+00
2.915248368786284683e+00
2.912338159392484638e+00
2.901084177297593936e+00
2.883788073120141071e+00
2.881541335050506358e+00
2.877446559679787352e+00
2.875555772999205395e+00
2.870566546929774976e+00
2.865149320624925444e+00
2.863511324529640412e+00
2.861009602050900824e+00
2.859888865649809375e+00
2.856308530356600706e+00
2.854630701627702383e+00
2.851522914592125701e+00
2.847389097421013648e+00
2.842393177193428322e+00
2.840803895885411823e+00
2.839632028989770518e+00
2.838747383128650714e+00
2.832287646169276751e+00
2.830153126535684294e+00
2.829327356259088599e+00
2.826066733822961474e+00
2.818866102240184635e+00
2.815428616684547247e+00
2.814087935819758801e+00
2.811853244360827286e+00
2.810400215469892604e+00
2.805378126943130823e+00
2.796725842939937756e+00
2.795015050771543219e+00
2.793531328563229277e+00
2.792620810080025162e+00
2.789952699625385169e+00
2.789710724628839955e+00
2.787363407737578402e+00
2.779198900868065980e+00
2.778451650010812291e+00
2.777752489320254980e+00
2.776338679663817643e+00
2.775831122177471411e+00
2.766027347320462404e+00
2.759761181236784822e+00
2.758929922622556763e+00
2.752572790141238457e+00
2.752049470208449033e+00
2.745628539693099945e+00
2.739095075089367892e+00
2.737928076337591055e+00
2.736902228855288222e+00
2.731638965897805971e+00
2.730775246062333572e+00
2.719570332433585591e+00
2.719448384373643890e+00
2.719136414897910026e+00
2.712601219801901387e+00
2.702973912322893302e+00
2.702068007241007486e+00
2.699604366423532742e+00
2.699211293791124788e+00
2.695884319720867062e+00
2.695509645484107430e+00
2.688105376417210479e+00
2.687784634791773541e+00
2.687572560656638299e+00
2.683897105065267130e+00
2.678252711072348635e+00
2.675972748254415112e+00
2.659469384465412034e+00
2.658341622611158694e+00
2.657051884504603390e+00
2.654772785259978285e+00
2.653109572205116784e+00
2.646917516504129875e+00
2.639268630719486808e+00
2.634033268973425379e+00
2.633471480720633195e+00
2.632792677770213530e+00
2.629288304976332924e+00
2.629100544106745208e+00
2.623798043005053593e+00
2.622751161736430525e+00
2.619171469988872847e+00
2.617089200508722069e+00
2.603141707556609230e+00
2.599755643976734198e+00
2.598261231407339444e+00
2.595305240909739020e+00
2.577504790724165495e+00
2.569632070949841474e+00
2.565468349586953689e+00
2.563011649167285189e+00
2.557240695521652007e+00
2.556013241870385144e+00
2.555514866584525535e+00
2.552653399620718133e+00
2.550198218822847362e+00
2.549397040240523715e+00
2.545800950176659416e+00
2.512739134143838982e+00
2.510798141960180807e+00
2.505550927001588768e+00
2.495432430395530865e+00
2.487297663604507214e+00
2.486817603230062179e+00
2.478307642619429263e+00
2.474916998416847314e+00
2.465278854672903641e+00
2.462094989016944790e+00
2.461996591655946975e+00
2.459123040499021862e+00
2.448542390758482235e+00
2.447975131481158417e+00
2.434532659870966231e+00
2.434522899167905763e+00
2.429310221388255808e+00
2.428073221869251785e+00
2.420048924398981782e+00
2.416465560351834796e+00
2.414394770070503071e+00
2.413340077242259962e+00
2.410528537395714821e+00
2.405678930499749235e+00
2.404533988011477774e+00
2.404434229611754681e+00
2.403143123838920037e+00
2.390273241717467023e+00
2.388196922928801591e+00
2.386157182333872750e+00
2.384256873036733282e+00
2.383877163305114788e+00
2.381500044831994067e+00
2.379731334222082495e+00
2.378759922954182926e+00
2.376562356284471100e+00
2.373986475032221932e+00
2.370186888528192704e+00
2.365790108372141987e+00
2.362997918792880903e+00
2.362571851476729101e+00
2.360278564652744659e+00
2.360147141363361456e+00
2.359234491705568093e+00
2.356817102436294054e+00
2.352995038554098972e+00
2.352728990569433076e+00
2.334477190984034944e+00
2.333325313600429940e+00
2.330283367144581952e+00
2.328542122905823852e+00
2.322970906123740242e+00
2.314920428684047238e+00
2.314190571621901782e+00
2.308338617068948384e+00
2.302230578452871601e+00
2.299557400314057531e+00
2.296023321575418663e+00
2.294114001467412400e+00
2.287581858238591170e+00
2.279097065474614325e+00
2.278777431191410852e+00
2.276541591709813073e+00
2.276246654511381085e+00
2.267832907348648952e+00
2.267269302033031675e+00
2.265711124977937363e+00
2.254037218353118099e+00
2.249707426015494782e+00
2.248943401544359677e+00
2.248555656662257984e+00
2.246547045518168417e+00
2.245179320424192770e+00
2.238294795843406071e+00
2.237099425515230777e+00
2.233998847533751775e+00
2.233084684389169627e+00
2.225916688755828154e+00
2.218261340598208786e+00
2.211457563548457905e+00
2.211388230621237128e+00
2.210949193470825858e+00
2.209235680832525528e+00
2.205723936871348823e+00
2.204674675367524372e+00
2.202205085751782310e+00
2.201602005023313158e+00
2.192406738379120146e+00
2.190916883926380621e+00
2.190596500013667125e+00
2.188115351770965056e+00
2.185472247833859072e+00
2.185449297640249533e+00
2.182373556396891789e+00
2.176615883817532904e+00
2.175288121634649130e+00
2.173744291556471531e+00
2.167505026933010281e+00
2.164074941720759426e+00
2.163560063910137554e+00
2.157477973325121923e+00
2.155548512959159613e+00
2.153422910667017298e+00
2.145208757212770934e+00
2.142201603622986728e+00
2.137571958695324792e+00
2.135212588667872335e+00
2.131852935886452638e+00
2.125398007747584916e+00
2.124521433762685430e+00
2.115784977478545326e+00
2.115500012190760781e+00
2.110752486715063547e+00
2.105001292349291120e+00
2.103807401464098614e+00
2.102734704124876064e+00
2.102609034626583107e+00
2.096105478903779407e+00
2.091263821310316739e+00
2.085468328476760558e+00
2.085303761564645253e+00
2.083999990383769152e+00
2.078321665865734413e+00
2.076863190851602869e+00
2.069980502153374591e+00
2.063838183104473423e+00
2.062485554240423902e+00
2.061690140786272440e+00
2.055950714511199706e+00
2.050529276824813341e+00
2.047245241679664929e+00
2.044098051481485712e+00
2.036961782898710993e+00
2.036112062053580640e+00
2.032307192024695564e+00
2.024563777114215313e+00
2.012933444464400701e+00
1.998827086599529679e+00
1.996647374795948560e+00
1.990541435119829394e+00
1.989224703006185369e+00
1.988141337195345804e+00
1.988101611088315179e+00
1.983730096617276173e+00
1.981963497954111864e+00
1.980452995090327351e+00
1.971202967006842277e+00
1.969712457046119303e+00
1.963763556238403263e+00
1.953071303519369417e+00
1.952167622418845561e+00
1.951001234868495082e+00
1.947999813682189663e+00
1.946668322565261455e+00
1.943418435918070841e+00
1.934659905702775351e+00
1.932517332586553671e+00
1.930842994194944096e+00
1.929488094379498087e+00
1.928850708333462949e+00
1.925125757171078478e+00
1.923986014550109758e+00
1.921178511905365038e+00
1.915104157343546110e+00
1.914871965185641622e+00
1.914394533915886987e+00
1.914339909401052031e+00
1.910726357748841586e+00
1.907654888153620387e+00
1.906393107888579630e+00
1.891714658113561098e+00
1.890393223868650940e+00
1.885753429984576401e+00
1.882926984200395060e+00
1.879830597810337345e+00
1.879747543825141864e+00
1.877330253169003260e+00
1.874934900151496331e+00
1.874865982488674643e+00
1.874724361214193058e+00
1.872305350470741203e+00
1.866809989621071253e+00
1.861980954457122195e+00
1.859497928122486821e+00
1.856348646148359594e+00
1.849164467569383463e+00
1.847760518528090978e+00
1.842129204264336018e+00
1.840397717687843215e+00
1.832919346475546440e+00
1.832253254879198101e+00
1.827982060579818491e+00
1.819597151623462139e+00
1.818624698344512014e+00
1.814373812487344750e+00
1.808259586283801568e+00
1.807215648536676822e+00
1.805423355824585130e+00
1.804334358508485670e+00
1.804009397044860519e+00
1.803303546913238353e+00
1.802549763484391887e+00
1.802316271432534034e+00
1.802254919541480760e+00
1.801302534110220233e+00
1.773892321353719659e+00
1.771509903037167266e+00
1.771429633163669637e+00
1.771214988435893645e+00
1.769010714362366565e+00
1.758713561365836897e+00
1.756841167796291403e+00
1.753937604353401403e+00
1.753179201702697920e+00
1.752468075043271067e+00
1.750682420635999437e+00
1.745992387106733990e+00
1.745070297757018274e+00
1.739115328197856858e+00
1.738948816687517995e+00
1.729974248387855074e+00
1.722992875607288532e+00
1.722861112680452944e+00
1.722610701047510462e+00
1.722312182216316545e+00
1.717293560809716402e+00
1.715787455570723763e+00
1.711830337534411717e+00
1.711754146037470115e+00
1.707632979696576792e+00
1.707151435752288782e+00
1.705746714468031389e+00
1.697278499918436045e+00
1.695477514708296773e+00
1.690749873740766906e+00
1.681357025996163435e+00
1.681340012190988720e+00
1.672965595767602176e+00
1.670732513785789797e+00
1.662484790516827848e+00
1.654326335597100739e+00
1.651508856675983905e+00
1.645682069093979294e+00
1.633308908475333610e+00
1.633243745656202339e+00
1.631918502599362109e+00
1.627276482756128351e+00
1.618886063705695655e+00
1.617621047649389743e+00
1.616439511864871337e+00
1.601228255966052894e+00
1.589827376117416424e+00
1.585781170531481710e+00
1.585692582968460940e+00
1.582762846510494592e+00
1.582697254373420126e+00
1.582093871666241158e+00
1.579360049336490324e+00
1.578127039891083605e+00
1.577793421023773401e+00
1.576423238988422293e+00
1.572713098245360985e+00
1.562561218414159736e+00
1.559553675172623333e+00
1.558841962774459633e+00
1.551616753394545745e+00
1.550330970737811453e+00
1.549178953986791951e+00
1.548728610456897137e+00
1.547086961205017541e+00
1.545240366624096806e+00
1.544200485609572793e+00
1.543234630287383169e+00
1.542815510391464917e+00
1.542670838644653930e+00
1.541758628775798945e+00
1.537073043716727705e+00
1.534313577434972320e+00
1.524078673979080589e+00
1.522227160453648587e+00
1.518160424118640162e+00
1.516619678076386091e+00
1.514269485458906939e+00
1.507819618834032482e+00
1.506584804625727081e+00
1.502280068582223516e+00
1.497021177348115684e+00
1.494038796655651424e+00
1.490071010401761376e+00
1.487594457088790678e+00
1.480327168644821167e+00
1.472402461744819702e+00
1.471313542308181566e+00
1.462015578490080125e+00
1.461890352979328789e+00
1.450343752596785940e+00
1.449248669226170572e+00
1.436864519122835748e+00
1.436010699206839769e+00
1.432449241978806187e+00
1.430783857739975407e+00
1.422839275573618556e+00
1.419859434961063149e+00
1.419772303187970985e+00
1.402348090829970362e+00
1.398502862781340284e+00
1.396262757128305054e+00
1.390084870260164696e+00
1.377943219248233486e+00
1.376058717555302513e+00
1.374128041966834468e+00
1.369203115643460089e+00
1.366363085678411693e+00
1.365107621750239364e+00
1.350594161985749997e+00
1.348334352234447087e+00
1.342652349125566191e+00
1.331435586673552773e+00
1.330224917222329495e+00
1.325617786356960037e+00
1.324667377976217697e+00
1.323382012803314689e+00
1.316853348742726526e+00
1.308722308504874032e+00
1.303256741951546838e+00
1.297939072408264671e+00
1.295789133570487861e+00
1.294869030224740536e+00
1.288381390869135723e+00
1.287771514691215202e+00
1.270209889538330916e+00
1.262321633959557987e+00
1.251415977213600206e+00
1.250207970775903066e+00
1.236014948627306875e+00
1.234117805937267720e+00
1.222846811158418534e+00
1.218898173751141290e+00
1.214903912300697719e+00
1.209837089170198832e+00
1.207479758712970419e+00
1.198612468834891143e+00
1.197151038449520755e+00
1.194753850466705680e+00
1.186675569846691980e+00
1.184446515198724459e+00
1.184288456273062229e+00
1.181573594601153632e+00
1.179408016795019609e+00
1.176918189452966113e+00
1.172621464841128835e+00
1.172010552825792473e+00
1.163347033182149382e+00
1.163231572288322413e+00
1.158227718329762457e+00
1.156322100755664994e+00
1.152044430116617724e+00
1.145841817910419058e+00
1.144776585046357376e+00
1.144675463766477774e+00
1.144425365778121151e+00
1.141759012900028569e+00
1.126862779354356192e+00
1.121954968967965094e+00
1.120977292459857999e+00
1.117103069067466814e+00
1.116961592350089960e+00
1.115929994830630267e+00
1.113963352122102846e+00
1.111619588071609543e+00
1.110262440250867622e+00
1.107912580259674096e+00
1.100674841279749350e+00
1.096462564120664895e+00
1.093157650009170201e+00
1.086150235325300972e+00
1.083678436059587913e+00
1.075645078039452418e+00
1.074451594055869874e+00
1.066787918297301685e+00
1.057357189279677367e+00
1.055703279765976887e+00
1.053915912704352031e+00
1.053080308411932231e+00
1.047584905281046863e+00
1.047417169228823441e+00
1.045906453808888248e+00
1.035511908252154001e+00
1.035363306254106108e+00
1.023345345022877995e+00
1.020658503722757793e+00
1.014414944615736225e+00
1.013161251813479602e+00
1.004137087032699771e+00
9.956940637563284069e-01
9.915589957059036674e-01
9.828942412884602575e-01
9.817256342756087717e-01
9.736483061454315191e-01
9.717937916991293834e-01
9.698040863777871445e-01
9.621066827282391820e-01
9.606856774548429012e-01
9.586113749123922334e-01
9.570519500077772079e-01
9.460250803371901274e-01
9.456323746389305729e-01
9.394556284875804630e-01
9.337367331821860850e-01
9.294250430147068531e-01
9.225062436758328932e-01
9.222997998520539031e-01
9.210541941245400377e-01
9.201505933740186105e-01
9.164762960082817322e-01
9.139022880070420962e-01
9.073325173555719658e-01
8.927626762614869760e-01
8.899061257251634771e-01
8.843476315537514010e-01
8.798357653954963498e-01
8.791159829971763040e-01
8.714896168953413236e-01
8.655420248646003012e-01
8.645828622758272575e-01
8.599586183162903907e-01
8.544408097183531225e-01
8.518304883870733146e-01
8.438540924897809381e-01
8.285677112169400615e-01
8.279527237221221414e-01
8.260286061389987555e-01
8.240131024597802112e-01
8.231629531886361928e-01
8.196843072798218888e-01
8.137526668008783215e-01
8.123523866410636840e-01
8.097103966139508335e-01
8.088359006964603859e-01
8.037783485946030648e-01
8.030192641413185228e-01
8.002391000724594639e-01
7.851067726173783790e-01
7.830504221554327460e-01
7.819294097480739003e-01
7.768837162517423511e-01
7.721112519085112647e-01
7.720279141654300403e-01
7.667311920513545376e-01
7.592711972910823892e-01
7.574684074867437111e-01
7.544337528348878941e-01
7.531831590351357741e-01
7.530532454947164167e-01
7.496261683219738181e-01
7.416235350039254159e-01
7.332140137693740067e-01
7.276708089931780421e-01
7.080352578560314969e-01
7.030188594895586673e-01
7.022658070774103756e-01
7.000454053725954084e-01
6.950778365098204681e-01
6.927371344999191383e-01
6.911342238376889657e-01
6.889492285933274118e-01
6.847186905229851739e-01
6.843607359896988207e-01
6.816704228570357182e-01
6.810814153758180112e-01
6.778327300608069095e-01
6.725325456573562066e-01
6.653387859146553396e-01
6.598164120187025583e-01
6.526136008241554265e-01
6.493544802838772112e-01
6.472629440754709140e-01
6.380602142000489918e-01
6.378424680581172845e-01
6.338720398730161021e-01
6.312485590277787662e-01
6.271218781185656788e-01
6.240264395403557485e-01
6.222378953554016379e-01
6.209095004379676652e-01
6.142477594122854878e-01
6.108485183365527371e-01
6.074197413630894049e-01
6.026114464088969669e-01
5.995767883586304858e-01
5.800799119204894660e-01
5.798551686466397737e-01
5.779701361263014370e-01
5.751337941102963036e-01
5.729316075095050032e-01
5.697268829344752650e-01
5.683665220231369775e-01
5.669314277676248404e-01
5.635847220848402284e-01
5.609785454100589819e-01
5.581776234208736254e-01
5.574932269787578054e-01
5.569906382594287386e-01
5.548306370154518774e-01
5.400304967600645378e-01
5.355960917476253469e-01
5.325852831702357904e-01
5.294711022298769221e-01
5.190904428908582613e-01
5.178209907463844353e-01
5.166363370269608790e-01
5.140649645766303122e-01
5.060757266269898524e-01
5.030656329556320028e-01
4.976300968988295326e-01
4.922627995046797156e-01
4.820314051476997097e-01
4.819454972805405357e-01
4.801409724451465300e-01
4.799536221130522584e-01
4.780303797665056420e-01
4.771300089069918093e-01
4.754539175861569600e-01
4.708428017982189684e-01
4.580956104094199288e-01
4.577966718844584393e-01
4.576717082541895132e-01
4.562857624355960429e-01
4.534451984208131559e-01
4.467032737200796189e-01
4.291013653146257822e-01
4.228263269874770747e-01
4.181396366407968967e-01
4.065064758251852872e-01
4.063034740624767993e-01
3.813306421496974741e-01
3.782911558326666479e-01
3.740576637885140165e-01
3.715392212368258673e-01
3.675948735932523803e-01
3.636120097979937404e-01
3.635640958830191893e-01
3.575025305775620943e-01
3.567218639995787810e-01
3.559444438092695395e-01
3.507186423963367661e-01
3.455069430895680860e-01
3.425107849031053253e-01
3.416562799277447771e-01
3.407207054823240266e-01
3.404377135343181204e-01
3.400666542449290453e-01
3.382000768165560056e-01
3.374498443933595659e-01
3.239999843528788559e-01
3.201058266146893372e-01
3.169409135288316359e-01
3.156606968692465820e-01
3.149434992606696682e-01
3.115338291395904347e-01
3.110187671110876129e-01
3.103924576331384966e-01
2.992659494775169460e-01
2.944624399630397793e-01
2.874261505134408923e-01
2.868977822711617498e-01
2.839539357173075373e-01
2.824376347586430303e-01
2.795218523457371762e-01
2.747589061706668945e-01
2.729561116861806691e-01
2.691991923031732403e-01
2.675191826084667990e-01
2.643837784169546512e-01
2.643710037365403775e-01
2.618286657530191075e-01
2.606890278598305577e-01
2.482222709046860709e-01
2.473460249750188411e-01
2.443953535237804453e-01
2.401260437972123074e-01
2.393303900802586370e-01
2.367620953498027481e-01
2.338824730140291186e-01
2.260300242875252774e-01
2.254502881893574728e-01
2.234873559604658722e-01
2.200613358221836791e-01
2.088295981847307081e-01
2.076242233432953610e-01
2.030188899095262678e-01
2.017633924464898032e-01
1.966284695735554255e-01
1.934299974228071151e-01
1.912133883617364305e-01
1.854935133678925485e-01
1.789955189329528185e-01
1.736620501097644320e-01
1.668945955093734945e-01
1.646449844282479313e-01
1.634714325030455495e-01
1.617787036007273249e-01
1.591744761127789898e-01
1.573760669993056749e-01
1.567656439881205399e-01
1.491421669442613007e-01
1.413374261278754207e-01
1.404030168481033292e-01
1.339529748025983236e-01
1.337745698479246292e-01
1.318340465698457920e-01
1.279251370631664109e-01
1.231497851085887468e-01
1.227400587073795984e-01
1.191970061209006865e-01
1.108363362753462533e-01
1.044712067145660006e-01
1.044278934188944824e-01
1.030303497931205625e-01
1.005901134276610542e-01
1.005499936201191824e-01
9.411133213890227056e-02
9.378408767129045587e-02
9.210594264212357274e-02
8.690339315725216507e-02
7.940572939194508184e-02
7.802366722005114885e-02
7.426687097177903096e-02
7.097470217038086282e-02
6.926182594891418243e-02
6.131581893488577406e-02
6.077049861103538814e-02
5.870414270924680100e-02
5.583948518912457831e-02
5.104165029869275200e-02
5.079272588322934073e-02
4.758662690025015907e-02
4.645525736190678212e-02
1.693901012095168704e-02
1.215537198829996432e-02
7.754527143089432438e-03
4.555244256495971991e-03
1.003779662787968388e-03
0.000000000000000000e+00
0.000000000000000000e+00
0.000000000000000000e+00
0.000000000000000000e+00
0.000000000000000000e+00
0.000000000000000000e+00
0.000000000000000000e+00
0.000000000000000000e+00
0.000000000000000000e+00
0.000000000000000000e+00
0.000000000000000000e+00
0.000000000000000000e+00
0.000000000000000000e+00
0.000000000000000000e+00
0.000000000000000000e+00
0.000000000000000000e+00
0.000000000000000000e+00
0.000000000000000000e+00
0.000000000000000000e+00
0.000000000000000000e+00
0.000000000000000000e+00
0.000000000000000000e+00
0.000000000000000000e+00
0.000000000000000000e+00
0.000000000000000000e+00
0.000000000000000000e+00
0.000000000000000000e+00
0.000000000000000000e+00
0.000000000000000000e+00
0.000000000000000000e+00
0.000000000000000000e+00
0.000000000000000000e+00
0.000000000000000000e+00
0.000000000000000000e+00
0.000000000000000000e+00
0.000000000000000000e+00
0.000000000000000000e+00
0.000000000000000000e+00
0.000000000000000000e+00
0.000000000000000000e+00
0.000000000000000000e+00
0.000000000000000000e+00
0.000000000000000000e+00
0.000000000000000000e+00
0.000000000000000000e+00
0.000000000000000000e+00
0.000000000000000000e+00
0.000000000000000000e+00
0.000000000000000000e+00
0.000000000000000000e+00
0.000000000000000000e+00
0.000000000000000000e+00
0.000000000000000000e+00
0.000000000000000000e+00
0.000000000000000000e+00
0.000000000000000000e+00
0.000000000000000000e+00
0.000000000000000000e+00
0.000000000000000000e+00
0.000000000000000000e+00
0.000000000000000000e+00
0.000000000000000000e+00
0.000000000000000000e+00
0.000000000000000000e+00
0.000000000000000000e+00
0.000000000000000000e+00
0.000000000000000000e+00
0.000000000000000000e+00
0.000000000000000000e+00
0.000000000000000000e+00
0.000000000000000000e+00
0.000000000000000000e+00
0.000000000000000000e+00
0.000000000000000000e+00
0.000000000000000000e+00
0.000000000000000000e+00
0.000000000000000000e+00
0.000000000000000000e+00
0.000000000000000000e+00
0.000000000000000000e+00
0.000000000000000000e+00
0.000000000000000000e+00
0.000000000000000000e+00
0.000000000000000000e+00
0.000000000000000000e+00
0.000000000000000000e+00
0.000000000000000000e+00
0.000000000000000000e+00
0.000000000000000000e+00
0.000000000000000000e+00
0.000000000000000000e+00
0.000000000000000000e+00
0.000000000000000000e+00
0.000000000000000000e+00
0.000000000000000000e+00
0.000000000000000000e+00
0.000000000000000000e+00
0.000000000000000000e+00
0.000000000000000000e+00
0.000000000000000000e+00
0.000000000000000000e+00
0.000000000000000000e+00
0.000000000000000000e+00
0.000000000000000000e+00
0.000000000000000000e+00
0.000000000000000000e+00
0.000000000000000000e+00
0.000000000000000000e+00
0.000000000000000000e+00
0.000000000000000000e+00
0.000000000000000000e+00
0.000000000000000000e+00
0.000000000000000000e+00
0.000000000000000000e+00
0.000000000000000000e+00
0.000000000000000000e+00
0.000000000000000000e+00
0.000000000000000000e+00
0.000000000000000000e+00
0.000000000000000000e+00
0.000000000000000000e+00
0.000000000000000000e+00
0.000000000000000000e+00
0.000000000000000000e+00
0.000000000000000000e+00
0.000000000000000000e+00
0.000000000000000000e+00
0.000000000000000000e+00
0.000000000000000000e+00
0.000000000000000000e+00
0.000000000000000000e+00
0.000000000000000000e+00
0.000000000000000000e+00
0.000000000000000000e+00
0.000000000000000000e+00
0.000000000000000000e+00
0.000000000000000000e+00
0.000000000000000000e+00
0.000000000000000000e+00
0.000000000000000000e+00
0.000000000000000000e+00
0.000000000000000000e+00
0.000000000000000000e+00
0.000000000000000000e+00
0.000000000000000000e+00
0.000000000000000000e+00
0.000000000000000000e+00
0.000000000000000000e+00
0.000000000000000000e+00
0.000000000000000000e+00
0.000000000000000000e+00
0.000000000000000000e+00
0.000000000000000000e+00
0.000000000000000000e+00
0.000000000000000000e+00
0.000000000000000000e+00
0.000000000000000000e+00
0.000000000000000000e+00
0.000000000000000000e+00
0.000000000000000000e+00
0.000000000000000000e+00
0.000000000000000000e+00
0.000000000000000000e+00
0.000000000000000000e+00
0.000000000000000000e+00
0.000000000000000000e+00
0.000000000000000000e+00
0.000000000000000000e+00
0.000000000000000000e+00
0.000000000000000000e+00
0.000000000000000000e+00
0.000000000000000000e+00
0.000000000000000000e+00
0.000000000000000000e+00
0.000000000000000000e+00
0.000000000000000000e+00
0.000000000000000000e+00
0.000000000000000000e+00
0.000000000000000000e+00
0.000000000000000000e+00
0.000000000000000000e+00
0.000000000000000000e+00
0.000000000000000000e+00
0.000000000000000000e+00
0.000000000000000000e+00
0.000000000000000000e+00
0.000000000000000000e+00
0.000000000000000000e+00
0.000000000000000000e+00
0.000000000000000000e+00
0.000000000000000000e+00
0.000000000000000000e+00
0.000000000000000000e+00
0.000000000000000000e+00
0.000000000000000000e+00
0.000000000000000000e+00
0.000000000000000000e+00
0.000000000000000000e+00
0.000000000000000000e+00
0.000000000000000000e+00
0.000000000000000000e+00
0.000000000000000000e+00
0.000000000000000000e+00
0.000000000000000000e+00
0.000000000000000000e+00
0.000000000000000000e+00
0.000000000000000000e+00
0.000000000000000000e+00
0.000000000000000000e+00
0.000000000000000000e+00
0.000000000000000000e+00
0.000000000000000000e+00
0.000000000000000000e+00
0.000000000000000000e+00
0.000000000000000000e+00
0.000000000000000000e+00
0.000000000000000000e+00
0.000000000000000000e+00
0.000000000000000000e+00
0.000000000000000000e+00
0.000000000000000000e+00
0.000000000000000000e+00
0.000000000000000000e+00
0.000000000000000000e+00
0.000000000000000000e+00
0.000000000000000000e+00
0.000000000000000000e+00
0.000000000000000000e+00
0.000000000000000000e+00
0.000000000000000000e+00
0.000000000000000000e+00
0.000000000000000000e+00
0.000000000000000000e+00
0.000000000000000000e+00
0.000000000000000000e+00
0.000000000000000000e+00
0.000000000000000000e+00
0.000000000000000000e+00
0.000000000000000000e+00
0.000000000000000000e+00
0.000000000000000000e+00
0.000000000000000000e+00
0.000000000000000000e+00
0.000000000000000000e+00
0.000000000000000000e+00
0.000000000000000000e+00
0.000000000000000000e+00
0.000000000000000000e+00
0.000000000000000000e+00
0.000000000000000000e+00
0.000000000000000000e+00
0.000000000000000000e+00
0.000000000000000000e+00
0.000000000000000000e+00
0.000000000000000000e+00
0.000000000000000000e+00
0.000000000000000000e+00
0.000000000000000000e+00
0.000000000000000000e+00
0.000000000000000000e+00
0.000000000000000000e+00
0.000000000000000000e+00
0.000000000000000000e+00
0.000000000000000000e+00
0.000000000000000000e+00
0.000000000000000000e+00
0.000000000000000000e+00
0.000000000000000000e+00
0.000000000000000000e+00
0.000000000000000000e+00
0.000000000000000000e+00
0.000000000000000000e+00
0.000000000000000000e+00
0.000000000000000000e+00
0.000000000000000000e+00
0.000000000000000000e+00
0.000000000000000000e+00
0.000000000000000000e+00
0.000000000000000000e+00
0.000000000000000000e+00
0.000000000000000000e+00
0.000000000000000000e+00
0.000000000000000000e+00
0.000000000000000000e+00
0.000000000000000000e+00
0.000000000000000000e+00
0.000000000000000000e+00
0.000000000000000000e+00
0.000000000000000000e+00
0.000000000000000000e+00
0.000000000000000000e+00
0.000000000000000000e+00
0.000000000000000000e+00
0.000000000000000000e+00
0.000000000000000000e+00
0.000000000000000000e+00
0.000000000000000000e+00
0.000000000000000000e+00
0.000000000000000000e+00
0.000000000000000000e+00
0.000000000000000000e+00
0.000000000000000000e+00
0.000000000000000000e+00
0.000000000000000000e+00
0.000000000000000000e+00
0.000000000000000000e+00
0.000000000000000000e+00
0.000000000000000000e+00
0.000000000000000000e+00
0.000000000000000000e+00
0.000000000000000000e+00
0.000000000000000000e+00
0.000000000000000000e+00
0.000000000000000000e+00
0.000000000000000000e+00
0.000000000000000000e+00
0.000000000000000000e+00
0.000000000000000000e+00
0.000000000000000000e+00
0.000000000000000000e+00
0.000000000000000000e+00
0.000000000000000000e+00
0.000000000000000000e+00
0.000000000000000000e+00
0.000000000000000000e+00
0.000000000000000000e+00
0.000000000000000000e+00
0.000000000000000000e+00
0.000000000000000000e+00
0.000000000000000000e+00
0.000000000000000000e+00
0.000000000000000000e+00
0.000000000000000000e+00
0.000000000000000000e+00
0.000000000000000000e+00
0.000000000000000000e+00
0.000000000000000000e+00
0.000000000000000000e+00
0.000000000000000000e+00
0.000000000000000000e+00
0.000000000000000000e+00
0.000000000000000000e+00
0.000000000000000000e+00
0.000000000000000000e+00
0.000000000000000000e+00
0.000000000000000000e+00
0.000000000000000000e+00
0.000000000000000000e+00
0.000000000000000000e+00
0.000000000000000000e+00
0.000000000000000000e+00
0.000000000000000000e+00
0.000000000000000000e+00
0.000000000000000000e+00
0.000000000000000000e+00
0.000000000000000000e+00
0.000000000000000000e+00
0.000000000000000000e+00
0.000000000000000000e+00
0.000000000000000000e+00
0.000000000000000000e+00
0.000000000000000000e+00
0.000000000000000000e+00
0.000000000000000000e+00
0.000000000000000000e+00
0.000000000000000000e+00
0.000000000000000000e+00
0.000000000000000000e+00
0.000000000000000000e+00
0.000000000000000000e+00
0.000000000000000000e+00
0.000000000000000000e+00
0.000000000000000000e+00
0.000000000000000000e+00
0.000000000000000000e+00
0.000000000000000000e+00
0.000000000000000000e+00
0.000000000000000000e+00
0.000000000000000000e+00
0.000000000000000000e+00
0.000000000000000000e+00
0.000000000000000000e+00
0.000000000000000000e+00
0.000000000000000000e+00
0.000000000000000000e+00
0.000000000000000000e+00
0.000000000000000000e+00
0.000000000000000000e+00
0.000000000000000000e+00
0.000000000000000000e+00
0.000000000000000000e+00
0.000000000000000000e+00
0.000000000000000000e+00
0.000000000000000000e+00
0.000000000000000000e+00
0.000000000000000000e+00
0.000000000000000000e+00
0.000000000000000000e+00
0.000000000000000000e+00
0.000000000000000000e+00
0.000000000000000000e+00
0.000000000000000000e+00
0.000000000000000000e+00
0.000000000000000000e+00
0.000000000000000000e+00
0.000000000000000000e+00
0.000000000000000000e+00
0.000000000000000000e+00
0.000000000000000000e+00
0.000000000000000000e+00
0.000000000000000000e+00
0.000000000000000000e+00
0.000000000000000000e+00
0.000000000000000000e+00
0.000000000000000000e+00
0.000000000000000000e+00
0.000000000000000000e+00
0.000000000000000000e+00
0.000000000000000000e+00
0.000000000000000000e+00
0.000000000000000000e+00
0.000000000000000000e+00
0.000000000000000000e+00
0.000000000000000000e+00
0.000000000000000000e+00
0.000000000000000000e+00
0.000000000000000000e+00
0.000000000000000000e+00
0.000000000000000000e+00
0.000000000000000000e+00
0.000000000000000000e+00
0.000000000000000000e+00
0.000000000000000000e+00
0.000000000000000000e+00
0.000000000000000000e+00
0.000000000000000000e+00
0.000000000000000000e+00
0.000000000000000000e+00
0.000000000000000000e+00
0.000000000000000000e+00
0.000000000000000000e+00
0.000000000000000000e+00
0.000000000000000000e+00
0.000000000000000000e+00
0.000000000000000000e+00
0.000000000000000000e+00
0.000000000000000000e+00
0.000000000000000000e+00
0.000000000000000000e+00
0.000000000000000000e+00
0.000000000000000000e+00
0.000000000000000000e+00
0.000000000000000000e+00
0.000000000000000000e+00
0.000000000000000000e+00
0.000000000000000000e+00
0.000000000000000000e+00
0.000000000000000000e+00
0.000000000000000000e+00
0.000000000000000000e+00
0.000000000000000000e+00
0.000000000000000000e+00
0.000000000000000000e+00
0.000000000000000000e+00
0.000000000000000000e+00
0.000000000000000000e+00
0.000000000000000000e+00
0.000000000000000000e+00
0.000000000000000000e+00
0.000000000000000000e+00
0.000000000000000000e+00
0.000000000000000000e+00
0.000000000000000000e+00
0.000000000000000000e+00
0.000000000000000000e+00
0.000000000000000000e+00
0.000000000000000000e+00
0.000000000000000000e+00
0.000000000000000000e+00
0.000000000000000000e+00
0.000000000000000000e+00
0.000000000000000000e+00
0.000000000000000000e+00
0.000000000000000000e+00
0.000000000000000000e+00
0.000000000000000000e+00
0.000000000000000000e+00
0.000000000000000000e+00
0.000000000000000000e+00
0.000000000000000000e+00
0.000000000000000000e+00
0.000000000000000000e+00
0.000000000000000000e+00
0.000000000000000000e+00
0.000000000000000000e+00
0.000000000000000000e+00
0.000000000000000000e+00
0.000000000000000000e+00
0.000000000000000000e+00
0.000000000000000000e+00
0.000000000000000000e+00
0.000000000000000000e+00
0.000000000000000000e+00
0.000000000000000000e+00
0.000000000000000000e+00
0.000000000000000000e+00
0.000000000000000000e+00
0.000000000000000000e+00
0.000000000000000000e+00
0.000000000000000000e+00
0.000000000000000000e+00
0.000000000000000000e+00
0.000000000000000000e+00
0.000000000000000000e+00
0.000000000000000000e+00
0.000000000000000000e+00
0.000000000000000000e+00
0.000000000000000000e+00
0.000000000000000000e+00
0.000000000000000000e+00
0.000000000000000000e+00
0.000000000000000000e+00
0.000000000000000000e+00
0.000000000000000000e+00
0.000000000000000000e+00
0.000000000000000000e+00
0.000000000000000000e+00
0.000000000000000000e+00
0.000000000000000000e+00
0.000000000000000000e+00
0.000000000000000000e+00
0.000000000000000000e+00
0.000000000000000000e+00
0.000000000000000000e+00
0.000000000000000000e+00
0.000000000000000000e+00
0.000000000000000000e+00
0.000000000000000000e+00
0.000000000000000000e+00
0.000000000000000000e+00
0.000000000000000000e+00
0.000000000000000000e+00
0.000000000000000000e+00
0.000000000000000000e+00
0.000000000000000000e+00
0.000000000000000000e+00
0.000000000000000000e+00
0.000000000000000000e+00
0.000000000000000000e+00
0.000000000000000000e+00
0.000000000000000000e+00
0.000000000000000000e+00
0.000000000000000000e+00
0.000000000000000000e+00
0.000000000000000000e+00
0.000000000000000000e+00
0.000000000000000000e+00
0.000000000000000000e+00
0.000000000000000000e+00
0.000000000000000000e+00
0.000000000000000000e+00
0.000000000000000000e+00
0.000000000000000000e+00
0.000000000000000000e+00
0.000000000000000000e+00
0.000000000000000000e+00
0.000000000000000000e+00
0.000000000000000000e+00
0.000000000000000000e+00
0.000000000000000000e+00
0.000000000000000000e+00
0.000000000000000000e+00
0.000000000000000000e+00
0.000000000000000000e+00
0.000000000000000000e+00
0.000000000000000000e+00
0.000000000000000000e+00
0.000000000000000000e+00
0.000000000000000000e+00
0.000000000000000000e+00
0.000000000000000000e+00
0.000000000000000000e+00
0.000000000000000000e+00
0.000000000000000000e+00
0.000000000000000000e+00
0.000000000000000000e+00
0.000000000000000000e+00
0.000000000000000000e+00
0.000000000000000000e+00
0.000000000000000000e+00
0.000000000000000000e+00
0.000000000000000000e+00
0.000000000000000000e+00
0.000000000000000000e+00
0.000000000000000000e+00
0.000000000000000000e+00
0.000000000000000000e+00
0.000000000000000000e+00
0.000000000000000000e+00
0.000000000000000000e+00
0.000000000000000000e+00
0.000000000000000000e+00
0.000000000000000000e+00
0.000000000000000000e+00
0.000000000000000000e+00
0.000000000000000000e+00
0.000000000000000000e+00
0.000000000000000000e+00
0.000000000000000000e+00
0.000000000000000000e+00
0.000000000000000000e+00
0.000000000000000000e+00
0.000000000000000000e+00
0.000000000000000000e+00
0.000000000000000000e+00
0.000000000000000000e+00
0.000000000000000000e+00
0.000000000000000000e+00
0.000000000000000000e+00
0.000000000000000000e+00
0.000000000000000000e+00
0.000000000000000000e+00
0.000000000000000000e+00
0.000000000000000000e+00
0.000000000000000000e+00
0.000000000000000000e+00
0.000000000000000000e+00
0.000000000000000000e+00
0.000000000000000000e+00
0.000000000000000000e+00
0.000000000000000000e+00
0.000000000000000000e+00
0.000000000000000000e+00
0.000000000000000000e+00
0.000000000000000000e+00
0.000000000000000000e+00
0.000000000000000000e+00
0.000000000000000000e+00
0.000000000000000000e+00
0.000000000000000000e+00
0.000000000000000000e+00
0.000000000000000000e+00
0.000000000000000000e+00
0.000000000000000000e+00
0.000000000000000000e+00
0.000000000000000000e+00
0.000000000000000000e+00
0.000000000000000000e+00
0.000000000000000000e+00
0.000000000000000000e+00
0.000000000000000000e+00
0.000000000000000000e+00
0.000000000000000000e+00
0.000000000000000000e+00
0.000000000000000000e+00
0.000000000000000000e+00
0.000000000000000000e+00
0.000000000000000000e+00
0.000000000000000000e+00
0.000000000000000000e+00
0.000000000000000000e+00
0.000000000000000000e+00
0.000000000000000000e+00
0.000000000000000000e+00
0.000000000000000000e+00
0.000000000000000000e+00
0.000000000000000000e+00
0.000000000000000000e+00
0.000000000000000000e+00
0.000000000000000000e+00
0.000000000000000000e+00
0.000000000000000000e+00
0.000000000000000000e+00
0.000000000000000000e+00
0.000000000000000000e+00
0.000000000000000000e+00
0.000000000000000000e+00
0.000000000000000000e+00
0.000000000000000000e+00
0.000000000000000000e+00
0.000000000000000000e+00
0.000000000000000000e+00
0.000000000000000000e+00
0.000000000000000000e+00
0.000000000000000000e+00
0.000000000000000000e+00
0.000000000000000000e+00
0.000000000000000000e+00
0.000000000000000000e+00
0.000000000000000000e+00
0.000000000000000000e+00
0.000000000000000000e+00
0.000000000000000000e+00
0.000000000000000000e+00
0.000000000000000000e+00
0.000000000000000000e+00
0.000000000000000000e+00
0.000000000000000000e+00
0.000000000000000000e+00
0.000000000000000000e+00
0.000000000000000000e+00
0.000000000000000000e+00
0.000000000000000000e+00
0.000000000000000000e+00
0.000000000000000000e+00
0.000000000000000000e+00
0.000000000000000000e+00
0.000000000000000000e+00
0.000000000000000000e+00
0.000000000000000000e+00
0.000000000000000000e+00
0.000000000000000000e+00
0.000000000000000000e+00
0.000000000000000000e+00
0.000000000000000000e+00
0.000000000000000000e+00
0.000000000000000000e+00
0.000000000000000000e+00
0.000000000000000000e+00
0.000000000000000000e+00
0.000000000000000000e+00
0.000000000000000000e+00
0.000000000000000000e+00
0.000000000000000000e+00
0.000000000000000000e+00
0.000000000000000000e+00
0.000000000000000000e+00
0.000000000000000000e+00
0.000000000000000000e+00
0.000000000000000000e+00
0.000000000000000000e+00
0.000000000000000000e+00
0.000000000000000000e+00
0.000000000000000000e+00
0.000000000000000000e+00
0.000000000000000000e+00
0.000000000000000000e+00
0.000000000000000000e+00
0.000000000000000000e+00
0.000000000000000000e+00
0.000000000000000000e+00
0.000000000000000000e+00
0.000000000000000000e+00
0.000000000000000000e+00
0.000000000000000000e+00
0.000000000000000000e+00
0.000000000000000000e+00
0.000000000000000000e+00
0.000000000000000000e+00
0.000000000000000000e+00
0.000000000000000000e+00
0.000000000000000000e+00
0.000000000000000000e+00
0.000000000000000000e+00
0.000000000000000000e+00
0.000000000000000000e+00
0.000000000000000000e+00
0.000000000000000000e+00
0.000000000000000000e+00
0.000000000000000000e+00
0.000000000000000000e+00
0.000000000000000000e+00
0.000000000000000000e+00
0.000000000000000000e+00
0.000000000000000000e+00
0.000000000000000000e+00
0.000000000000000000e+00
0.000000000000000000e+00
0.000000000000000000e+00
0.000000000000000000e+00
0.000000000000000000e+00
0.000000000000000000e+00
0.000000000000000000e+00
0.000000000000000000e+00
0.000000000000000000e+00
0.000000000000000000e+00
0.000000000000000000e+00
0.000000000000000000e+00
0.000000000000000000e+00
0.000000000000000000e+00
0.000000000000000000e+00
0.000000000000000000e+00
0.000000000000000000e+00
0.000000000000000000e+00
0.000000000000000000e+00
0.000000000000000000e+00
0.000000000000000000e+00
0.000000000000000000e+00
0.000000000000000000e+00
0.000000000000000000e+00
0.000000000000000000e+00
0.000000000000000000e+00
0.000000000000000000e+00
0.000000000000000000e+00
0.000000000000000000e+00
0.000000000000000000e+00
0.000000000000000000e+00
0.000000000000000000e+00
0.000000000000000000e+00
0.000000000000000000e+00
0.000000000000000000e+00
0.000000000000000000e+00
0.000000000000000000e+00
0.000000000000000000e+00
0.000000000000000000e+00
0.000000000000000000e+00
0.000000000000000000e+00
0.000000000000000000e+00
0.000000000000000000e+00
0.000000000000000000e+00
0.000000000000000000e+00
0.000000000000000000e+00
0.000000000000000000e+00
0.000000000000000000e+00
0.000000000000000000e+00
0.000000000000000000e+00
0.000000000000000000e+00
0.000000000000000000e+00
0.000000000000000000e+00
0.000000000000000000e+00
0.000000000000000000e+00
0.000000000000000000e+00
0.000000000000000000e+00
0.000000000000000000e+00
0.000000000000000000e+00
0.000000000000000000e+00
0.000000000000000000e+00
0.000000000000000000e+00
0.000000000000000000e+00
0.000000000000000000e+00
0.000000000000000000e+00
0.000000000000000000e+00
0.000000000000000000e+00
0.000000000000000000e+00
0.000000000000000000e+00
0.000000000000000000e+00
0.000000000000000000e+00
0.000000000000000000e+00
0.000000000000000000e+00
0.000000000000000000e+00
0.000000000000000000e+00
0.000000000000000000e+00
0.000000000000000000e+00
0.000000000000000000e+00
0.000000000000000000e+00
0.000000000000000000e+00
0.000000000000000000e+00
0.000000000000000000e+00
0.000000000000000000e+00
0.000000000000000000e+00
0.000000000000000000e+00
0.000000000000000000e+00
0.000000000000000000e+00
0.000000000000000000e+00
0.000000000000000000e+00
0.000000000000000000e+00
0.000000000000000000e+00
0.000000000000000000e+00
0.000000000000000000e+00
0.000000000000000000e+00
0.000000000000000000e+00
0.000000000000000000e+00
0.000000000000000000e+00
0.000000000000000000e+00
0.000000000000000000e+00
0.000000000000000000e+00
0.000000000000000000e+00
0.000000000000000000e+00
0.000000000000000000e+00
0.000000000000000000e+00
0.000000000000000000e+00
0.000000000000000000e+00
0.000000000000000000e+00
0.000000000000000000e+00
0.000000000000000000e+00
0.000000000000000000e+00
0.000000000000000000e+00
0.000000000000000000e+00
0.000000000000000000e+00
0.000000000000000000e+00
0.000000000000000000e+00
0.000000000000000000e+00
0.000000000000000000e+00
0.000000000000000000e+00
0.000000000000000000e+00
0.000000000000000000e+00
0.000000000000000000e+00
0.000000000000000000e+00
0.000000000000000000e+00
0.000000000000000000e+00
0.000000000000000000e+00
0.000000000000000000e+00
0.000000000000000000e+00
0.000000000000000000e+00
0.000000000000000000e+00
0.000000000000000000e+00
0.000000000000000000e+00
0.000000000000000000e+00
0.000000000000000000e+00
0.000000000000000000e+00
0.000000000000000000e+00
0.000000000000000000e+00
0.000000000000000000e+00
0.000000000000000000e+00
0.000000000000000000e+00
0.000000000000000000e+00
0.000000000000000000e+00
0.000000000000000000e+00
0.000000000000000000e+00
0.000000000000000000e+00
0.000000000000000000e+00
0.000000000000000000e+00
0.000000000000000000e+00
0.000000000000000000e+00
0.000000000000000000e+00
0.000000000000000000e+00
0.000000000000000000e+00
0.000000000000000000e+00
0.000000000000000000e+00
0.000000000000000000e+00
0.000000000000000000e+00
0.000000000000000000e+00
0.000000000000000000e+00
0.000000000000000000e+00
0.000000000000000000e+00
0.000000000000000000e+00
0.000000000000000000e+00
0.000000000000000000e+00
0.000000000000000000e+00
0.000000000000000000e+00
0.000000000000000000e+00
0.000000000000000000e+00
0.000000000000000000e+00
0.000000000000000000e+00
0.000000000000000000e+00
0.000000000000000000e+00
0.000000000000000000e+00
0.000000000000000000e+00
0.000000000000000000e+00
0.000000000000000000e+00
0.000000000000000000e+00
0.000000000000000000e+00
0.000000000000000000e+00
0.000000000000000000e+00
0.000000000000000000e+00
0.000000000000000000e+00
0.000000000000000000e+00
0.000000000000000000e+00
0.000000000000000000e+00
0.000000000000000000e+00
0.000000000000000000e+00
0.000000000000000000e+00
0.000000000000000000e+00
0.000000000000000000e+00
0.000000000000000000e+00
0.000000000000000000e+00
0.000000000000000000e+00
0.000000000000000000e+00
0.000000000000000000e+00
0.000000000000000000e+00
0.000000000000000000e+00
0.000000000000000000e+00
0.000000000000000000e+00
0.000000000000000000e+00
0.000000000000000000e+00
0.000000000000000000e+00
0.000000000000000000e+00
0.000000000000000000e+00
0.000000000000000000e+00
0.000000000000000000e+00
0.000000000000000000e+00
0.000000000000000000e+00
0.000000000000000000e+00
0.000000000000000000e+00
0.000000000000000000e+00
0.000000000000000000e+00
0.000000000000000000e+00
0.000000000000000000e+00
0.000000000000000000e+00
0.000000000000000000e+00
0.000000000000000000e+00
0.000000000000000000e+00
0.000000000000000000e+00
0.000000000000000000e+00
0.000000000000000000e+00
0.000000000000000000e+00
0.000000000000000000e+00
0.000000000000000000e+00
0.000000000000000000e+00
0.000000000000000000e+00
0.000000000000000000e+00
0.000000000000000000e+00
0.000000000000000000e+00
0.000000000000000000e+00
0.000000000000000000e+00
0.000000000000000000e+00
0.000000000000000000e+00
0.000000000000000000e+00
0.000000000000000000e+00
0.000000000000000000e+00
0.000000000000000000e+00
0.000000000000000000e+00
0.000000000000000000e+00
0.000000000000000000e+00
0.000000000000000000e+00
0.000000000000000000e+00
0.000000000000000000e+00
0.000000000000000000e+00
0.000000000000000000e+00
0.000000000000000000e+00
0.000000000000000000e+00
0.000000000000000000e+00
0.000000000000000000e+00
0.000000000000000000e+00
0.000000000000000000e+00
0.000000000000000000e+00
0.000000000000000000e+00
0.000000000000000000e+00
0.000000000000000000e+00
0.000000000000000000e+00
0.000000000000000000e+00
0.000000000000000000e+00
0.000000000000000000e+00
0.000000000000000000e+00
0.000000000000000000e+00
0.000000000000000000e+00
0.000000000000000000e+00
0.000000000000000000e+00
0.000000000000000000e+00
0.000000000000000000e+00
0.000000000000000000e+00
0.000000000000000000e+00
0.000000000000000000e+00
0.000000000000000000e+00
0.000000000000000000e+00
0.000000000000000000e+00
0.000000000000000000e+00
0.000000000000000000e+00
0.000000000000000000e+00
0.000000000000000000e+00
0.000000000000000000e+00
0.000000000000000000e+00
0.000000000000000000e+00
0.000000000000000000e+00
0.000000000000000000e+00
0.000000000000000000e+00
0.000000000000000000e+00
0.000000000000000000e+00
0.000000000000000000e+00
0.000000000000000000e+00
0.000000000000000000e+00
0.000000000000000000e+00
0.000000000000000000e+00
0.000000000000000000e+00
0.000000000000000000e+00
0.000000000000000000e+00
0.000000000000000000e+00
0.000000000000000000e+00
0.000000000000000000e+00
0.000000000000000000e+00
0.000000000000000000e+00
0.000000000000000000e+00
0.000000000000000000e+00
0.000000000000000000e+00
0.000000000000000000e+00
0.000000000000000000e+00
0.000000000000000000e+00
0.000000000000000000e+00
0.000000000000000000e+00
0.000000000000000000e+00
0.000000000000000000e+00
0.000000000000000000e+00
0.000000000000000000e+00
0.000000000000000000e+00
0.000000000000000000e+00
0.000000000000000000e+00
0.000000000000000000e+00
0.000000000000000000e+00
0.000000000000000000e+00
0.000000000000000000e+00
0.000000000000000000e+00
0.000000000000000000e+00
0.000000000000000000e+00
0.000000000000000000e+00
0.000000000000000000e+00
0.000000000000000000e+00
0.000000000000000000e+00
0.000000000000000000e+00
0.000000000000000000e+00
0.000000000000000000e+00
0.000000000000000000e+00
0.000000000000000000e+00
0.000000000000000000e+00
0.000000000000000000e+00
0.000000000000000000e+00
0.000000000000000000e+00
0.000000000000000000e+00
0.000000000000000000e+00
0.000000000000000000e+00
0.000000000000000000e+00
0.000000000000000000e+00
0.000000000000000000e+00
0.000000000000000000e+00
0.000000000000000000e+00
0.000000000000000000e+00
0.000000000000000000e+00
0.000000000000000000e+00
0.000000000000000000e+00
0.000000000000000000e+00
0.000000000000000000e+00
0.000000000000000000e+00
0.000000000000000000e+00
0.000000000000000000e+00
0.000000000000000000e+00
0.000000000000000000e+00
0.000000000000000000e+00
0.000000000000000000e+00
0.000000000000000000e+00
0.000000000000000000e+00
0.000000000000000000e+00
0.000000000000000000e+00
0.000000000000000000e+00
0.000000000000000000e+00
0.000000000000000000e+00
0.000000000000000000e+00
0.000000000000000000e+00
0.000000000000000000e+00
0.000000000000000000e+00
0.000000000000000000e+00
0.000000000000000000e+00
0.000000000000000000e+00
0.000000000000000000e+00
0.000000000000000000e+00
0.000000000000000000e+00
0.000000000000000000e+00
0.000000000000000000e+00
0.000000000000000000e+00
0.000000000000000000e+00
0.000000000000000000e+00
0.000000000000000000e+00
0.000000000000000000e+00
0.000000000000000000e+00
0.000000000000000000e+00
0.000000000000000000e+00
0.000000000000000000e+00
0.000000000000000000e+00
0.000000000000000000e+00
0.000000000000000000e+00
0.000000000000000000e+00
0.000000000000000000e+00
0.000000000000000000e+00
0.000000000000000000e+00
0.000000000000000000e+00
0.000000000000000000e+00
0.000000000000000000e+00
0.000000000000000000e+00
0.000000000000000000e+00
0.000000000000000000e+00
0.000000000000000000e+00
0.000000000000000000e+00
0.000000000000000000e+00
0.000000000000000000e+00
0.000000000000000000e+00
0.000000000000000000e+00
0.000000000000000000e+00
0.000000000000000000e+00
0.000000000000000000e+00
0.000000000000000000e+00
0.000000000000000000e+00
0.000000000000000000e+00
0.000000000000000000e+00
0.000000000000000000e+00
0.000000000000000000e+00
0.000000000000000000e+00
0.000000000000000000e+00
0.000000000000000000e+00
0.000000000000000000e+00
0.000000000000000000e+00
0.000000000000000000e+00
0.000000000000000000e+00
0.000000000000000000e+00
0.000000000000000000e+00
0.000000000000000000e+00
0.000000000000000000e+00
0.000000000000000000e+00
0.000000000000000000e+00
0.000000000000000000e+00
0.000000000000000000e+00
0.000000000000000000e+00
0.000000000000000000e+00
0.000000000000000000e+00
0.000000000000000000e+00
0.000000000000000000e+00
0.000000000000000000e+00
0.000000000000000000e+00
0.000000000000000000e+00
0.000000000000000000e+00
0.000000000000000000e+00
0.000000000000000000e+00
0.000000000000000000e+00
0.000000000000000000e+00
0.000000000000000000e+00
0.000000000000000000e+00
0.000000000000000000e+00
0.000000000000000000e+00
0.000000000000000000e+00
0.000000000000000000e+00
0.000000000000000000e+00
0.000000000000000000e+00
0.000000000000000000e+00
0.000000000000000000e+00
0.000000000000000000e+00
0.000000000000000000e+00
0.000000000000000000e+00
0.000000000000000000e+00
0.000000000000000000e+00
0.000000000000000000e+00
0.000000000000000000e+00
0.000000000000000000e+00
0.000000000000000000e+00
0.000000000000000000e+00
0.000000000000000000e+00
0.000000000000000000e+00
0.000000000000000000e+00
0.000000000000000000e+00
0.000000000000000000e+00
0.000000000000000000e+00
0.000000000000000000e+00
0.000000000000000000e+00
0.000000000000000000e+00
0.000000000000000000e+00
0.000000000000000000e+00
0.000000000000000000e+00
0.000000000000000000e+00
0.000000000000000000e+00
0.000000000000000000e+00
0.000000000000000000e+00
0.000000000000000000e+00
0.000000000000000000e+00
0.000000000000000000e+00
0.000000000000000000e+00
0.000000000000000000e+00
0.000000000000000000e+00
0.000000000000000000e+00
0.000000000000000000e+00
0.000000000000000000e+00
0.000000000000000000e+00
0.000000000000000000e+00
0.000000000000000000e+00
0.000000000000000000e+00
0.000000000000000000e+00
0.000000000000000000e+00
0.000000000000000000e+00
0.000000000000000000e+00
0.000000000000000000e+00
0.000000000000000000e+00
0.000000000000000000e+00
0.000000000000000000e+00
0.000000000000000000e+00
0.000000000000000000e+00
0.000000000000000000e+00
0.000000000000000000e+00
0.000000000000000000e+00
0.000000000000000000e+00
0.000000000000000000e+00
0.000000000000000000e+00
0.000000000000000000e+00
0.000000000000000000e+00
0.000000000000000000e+00
0.000000000000000000e+00
0.000000000000000000e+00
0.000000000000000000e+00
0.000000000000000000e+00
0.000000000000000000e+00
0.000000000000000000e+00
0.000000000000000000e+00
0.000000000000000000e+00
0.000000000000000000e+00
0.000000000000000000e+00
0.000000000000000000e+00
0.000000000000000000e+00
0.000000000000000000e+00
0.000000000000000000e+00
0.000000000000000000e+00
0.000000000000000000e+00
0.000000000000000000e+00
0.000000000000000000e+00
0.000000000000000000e+00
0.000000000000000000e+00
0.000000000000000000e+00
0.000000000000000000e+00
0.000000000000000000e+00
0.000000000000000000e+00
0.000000000000000000e+00
0.000000000000000000e+00
0.000000000000000000e+00
0.000000000000000000e+00
0.000000000000000000e+00
0.000000000000000000e+00
0.000000000000000000e+00
0.000000000000000000e+00
0.000000000000000000e+00
0.000000000000000000e+00
0.000000000000000000e+00
0.000000000000000000e+00
0.000000000000000000e+00
0.000000000000000000e+00
0.000000000000000000e+00
0.000000000000000000e+00
0.000000000000000000e+00
0.000000000000000000e+00
0.000000000000000000e+00
0.000000000000000000e+00
0.000000000000000000e+00
0.000000000000000000e+00
0.000000000000000000e+00
0.000000000000000000e+00
0.000000000000000000e+00
0.000000000000000000e+00
0.000000000000000000e+00
0.000000000000000000e+00
0.000000000000000000e+00
0.000000000000000000e+00
0.000000000000000000e+00
0.000000000000000000e+00
0.000000000000000000e+00
0.000000000000000000e+00
0.000000000000000000e+00
0.000000000000000000e+00
0.000000000000000000e+00
0.000000000000000000e+00
0.000000000000000000e+00
0.000000000000000000e+00
0.000000000000000000e+00
0.000000000000000000e+00
0.000000000000000000e+00
0.000000000000000000e+00
0.000000000000000000e+00
0.000000000000000000e+00
0.000000000000000000e+00
0.000000000000000000e+00
0.000000000000000000e+00
0.000000000000000000e+00
0.000000000000000000e+00
0.000000000000000000e+00
0.000000000000000000e+00
0.000000000000000000e+00
0.000000000000000000e+00
0.000000000000000000e+00
0.000000000000000000e+00
0.000000000000000000e+00
0.000000000000000000e+00
0.000000000000000000e+00
0.000000000000000000e+00
0.000000000000000000e+00
0.000000000000000000e+00
0.000000000000000000e+00
0.000000000000000000e+00
0.000000000000000000e+00
0.000000000000000000e+00
0.000000000000000000e+00
0.000000000000000000e+00
0.000000000000000000e+00
0.000000000000000000e+00
0.000000000000000000e+00
0.000000000000000000e+00
0.000000000000000000e+00
0.000000000000000000e+00
0.000000000000000000e+00
0.000000000000000000e+00
0.000000000000000000e+00
0.000000000000000000e+00
0.000000000000000000e+00
0.000000000000000000e+00
0.000000000000000000e+00
0.000000000000000000e+00
0.000000000000000000e+00
0.000000000000000000e+00
0.000000000000000000e+00
0.000000000000000000e+00
0.000000000000000000e+00
0.000000000000000000e+00
0.000000000000000000e+00
0.000000000000000000e+00
0.000000000000000000e+00
0.000000000000000000e+00
0.000000000000000000e+00
0.000000000000000000e+00
0.000000000000000000e+00
0.000000000000000000e+00
0.000000000000000000e+00
0.000000000000000000e+00
0.000000000000000000e+00
0.000000000000000000e+00
0.000000000000000000e+00
0.000000000000000000e+00
0.000000000000000000e+00
0.000000000000000000e+00
0.000000000000000000e+00
0.000000000000000000e+00
0.000000000000000000e+00
0.000000000000000000e+00
0.000000000000000000e+00
0.000000000000000000e+00
0.000000000000000000e+00
0.000000000000000000e+00
0.000000000000000000e+00
0.000000000000000000e+00
0.000000000000000000e+00
0.000000000000000000e+00
0.000000000000000000e+00
0.000000000000000000e+00
0.000000000000000000e+00
0.000000000000000000e+00
0.000000000000000000e+00
0.000000000000000000e+00
0.000000000000000000e+00
0.000000000000000000e+00
0.000000000000000000e+00
0.000000000000000000e+00
0.000000000000000000e+00
0.000000000000000000e+00
0.000000000000000000e+00
0.000000000000000000e+00
0.000000000000000000e+00
0.000000000000000000e+00
0.000000000000000000e+00
0.000000000000000000e+00
0.000000000000000000e+00
0.000000000000000000e+00
0.000000000000000000e+00
0.000000000000000000e+00
0.000000000000000000e+00
0.000000000000000000e+00
0.000000000000000000e+00
0.000000000000000000e+00
0.000000000000000000e+00
0.000000000000000000e+00
0.000000000000000000e+00
0.000000000000000000e+00
0.000000000000000000e+00
0.000000000000000000e+00
0.000000000000000000e+00
0.000000000000000000e+00
0.000000000000000000e+00
0.000000000000000000e+00
0.000000000000000000e+00
0.000000000000000000e+00
0.000000000000000000e+00
0.000000000000000000e+00
0.000000000000000000e+00
0.000000000000000000e+00
0.000000000000000000e+00
0.000000000000000000e+00
0.000000000000000000e+00
0.000000000000000000e+00
0.000000000000000000e+00
0.000000000000000000e+00
0.000000000000000000e+00
0.000000000000000000e+00
0.000000000000000000e+00
0.000000000000000000e+00
0.000000000000000000e+00
0.000000000000000000e+00
0.000000000000000000e+00
0.000000000000000000e+00
0.000000000000000000e+00
0.000000000000000000e+00
0.000000000000000000e+00
0.000000000000000000e+00
0.000000000000000000e+00
0.000000000000000000e+00
0.000000000000000000e+00
0.000000000000000000e+00
0.000000000000000000e+00
0.000000000000000000e+00
0.000000000000000000e+00
0.000000000000000000e+00
0.000000000000000000e+00
0.000000000000000000e+00
0.000000000000000000e+00
0.000000000000000000e+00
0.000000000000000000e+00
0.000000000000000000e+00
0.000000000000000000e+00
0.000000000000000000e+00
0.000000000000000000e+00
0.000000000000000000e+00
0.000000000000000000e+00
0.000000000000000000e+00
0.000000000000000000e+00
0.000000000000000000e+00
0.000000000000000000e+00
0.000000000000000000e+00
0.000000000000000000e+00
0.000000000000000000e+00
0.000000000000000000e+00
0.000000000000000000e+00
0.000000000000000000e+00
0.000000000000000000e+00
0.000000000000000000e+00
0.000000000000000000e+00
0.000000000000000000e+00
0.000000000000000000e+00
0.000000000000000000e+00
0.000000000000000000e+00
0.000000000000000000e+00
0.000000000000000000e+00
0.000000000000000000e+00
0.000000000000000000e+00
0.000000000000000000e+00
0.000000000000000000e+00
0.000000000000000000e+00
0.000000000000000000e+00
0.000000000000000000e+00
0.000000000000000000e+00
0.000000000000000000e+00
0.000000000000000000e+00
0.000000000000000000e+00
0.000000000000000000e+00
0.000000000000000000e+00
0.000000000000000000e+00
0.000000000000000000e+00
0.000000000000000000e+00
0.000000000000000000e+00
0.000000000000000000e+00
0.000000000000000000e+00
0.000000000000000000e+00
0.000000000000000000e+00
0.000000000000000000e+00
0.000000000000000000e+00
0.000000000000000000e+00
0.000000000000000000e+00
0.000000000000000000e+00
0.000000000000000000e+00
0.000000000000000000e+00
0.000000000000000000e+00
0.000000000000000000e+00
0.000000000000000000e+00
0.000000000000000000e+00
0.000000000000000000e+00
0.000000000000000000e+00
0.000000000000000000e+00
0.000000000000000000e+00
0.000000000000000000e+00
0.000000000000000000e+00
0.000000000000000000e+00
0.000000000000000000e+00
0.000000000000000000e+00
0.000000000000000000e+00
0.000000000000000000e+00
0.000000000000000000e+00
0.000000000000000000e+00
0.000000000000000000e+00
0.000000000000000000e+00
0.000000000000000000e+00
0.000000000000000000e+00
0.000000000000000000e+00
0.000000000000000000e+00
0.000000000000000000e+00
0.000000000000000000e+00
0.000000000000000000e+00
0.000000000000000000e+00
0.000000000000000000e+00
0.000000000000000000e+00
0.000000000000000000e+00
0.000000000000000000e+00
0.000000000000000000e+00
0.000000000000000000e+00
0.000000000000000000e+00
0.000000000000000000e+00
0.000000000000000000e+00
0.000000000000000000e+00
0.000000000000000000e+00
0.000000000000000000e+00
0.000000000000000000e+00
0.000000000000000000e+00
0.000000000000000000e+00
0.000000000000000000e+00
0.000000000000000000e+00
0.000000000000000000e+00
0.000000000000000000e+00
0.000000000000000000e+00
0.000000000000000000e+00
0.000000000000000000e+00
0.000000000000000000e+00
0.000000000000000000e+00
0.000000000000000000e+00
0.000000000000000000e+00
0.000000000000000000e+00
0.000000000000000000e+00
0.000000000000000000e+00
0.000000000000000000e+00
0.000000000000000000e+00
0.000000000000000000e+00
0.000000000000000000e+00
0.000000000000000000e+00
0.000000000000000000e+00
0.000000000000000000e+00
0.000000000000000000e+00
0.000000000000000000e+00
0.000000000000000000e+00
0.000000000000000000e+00
0.000000000000000000e+00
0.000000000000000000e+00
0.000000000000000000e+00
0.000000000000000000e+00
0.000000000000000000e+00
0.000000000000000000e+00
0.000000000000000000e+00
0.000000000000000000e+00
0.000000000000000000e+00
0.000000000000000000e+00
0.000000000000000000e+00
0.000000000000000000e+00
0.000000000000000000e+00
0.000000000000000000e+00
0.000000000000000000e+00
0.000000000000000000e+00
0.000000000000000000e+00
0.000000000000000000e+00
0.000000000000000000e+00
0.000000000000000000e+00
0.000000000000000000e+00
0.000000000000000000e+00
0.000000000000000000e+00
0.000000000000000000e+00
0.000000000000000000e+00
0.000000000000000000e+00
0.000000000000000000e+00
0.000000000000000000e+00
0.000000000000000000e+00
0.000000000000000000e+00
0.000000000000000000e+00
0.000000000000000000e+00
0.000000000000000000e+00
0.000000000000000000e+00
0.000000000000000000e+00
0.000000000000000000e+00
0.000000000000000000e+00
0.000000000000000000e+00
0.000000000000000000e+00
0.000000000000000000e+00
0.000000000000000000e+00
0.000000000000000000e+00
0.000000000000000000e+00
0.000000000000000000e+00
0.000000000000000000e+00
0.000000000000000000e+00
0.000000000000000000e+00
0.000000000000000000e+00
0.000000000000000000e+00
0.000000000000000000e+00
0.000000000000000000e+00
0.000000000000000000e+00
0.000000000000000000e+00
0.000000000000000000e+00
0.000000000000000000e+00
0.000000000000000000e+00
0.000000000000000000e+00
0.000000000000000000e+00
0.000000000000000000e+00
0.000000000000000000e+00
0.000000000000000000e+00
0.000000000000000000e+00
0.000000000000000000e+00
0.000000000000000000e+00
0.000000000000000000e+00
0.000000000000000000e+00
0.000000000000000000e+00
0.000000000000000000e+00
0.000000000000000000e+00
0.000000000000000000e+00
0.000000000000000000e+00
0.000000000000000000e+00
0.000000000000000000e+00
0.000000000000000000e+00
0.000000000000000000e+00
0.000000000000000000e+00
0.000000000000000000e+00
0.000000000000000000e+00
0.000000000000000000e+00
0.000000000000000000e+00
0.000000000000000000e+00
0.000000000000000000e+00
0.000000000000000000e+00
0.000000000000000000e+00
0.000000000000000000e+00
0.000000000000000000e+00
0.000000000000000000e+00
0.000000000000000000e+00
0.000000000000000000e+00
0.000000000000000000e+00
0.000000000000000000e+00
0.000000000000000000e+00
0.000000000000000000e+00
0.000000000000000000e+00
0.000000000000000000e+00
0.000000000000000000e+00
0.000000000000000000e+00
0.000000000000000000e+00
0.000000000000000000e+00
0.000000000000000000e+00
0.000000000000000000e+00
0.000000000000000000e+00
0.000000000000000000e+00
0.000000000000000000e+00
0.000000000000000000e+00
0.000000000000000000e+00
0.000000000000000000e+00
0.000000000000000000e+00
0.000000000000000000e+00
0.000000000000000000e+00
0.000000000000000000e+00
0.000000000000000000e+00
0.000000000000000000e+00
0.000000000000000000e+00
0.000000000000000000e+00
0.000000000000000000e+00
0.000000000000000000e+00
0.000000000000000000e+00
0.000000000000000000e+00
0.000000000000000000e+00
0.000000000000000000e+00
0.000000000000000000e+00
0.000000000000000000e+00
0.000000000000000000e+00
0.000000000000000000e+00
0.000000000000000000e+00
0.000000000000000000e+00
0.000000000000000000e+00
0.000000000000000000e+00
0.000000000000000000e+00
0.000000000000000000e+00
0.000000000000000000e+00
0.000000000000000000e+00
0.000000000000000000e+00
0.000000000000000000e+00
0.000000000000000000e+00
0.000000000000000000e+00
0.000000000000000000e+00
0.000000000000000000e+00
0.000000000000000000e+00
0.000000000000000000e+00
0.000000000000000000e+00
0.000000000000000000e+00
0.000000000000000000e+00
0.000000000000000000e+00
0.000000000000000000e+00
0.000000000000000000e+00
0.000000000000000000e+00
0.000000000000000000e+00
0.000000000000000000e+00
0.000000000000000000e+00
0.000000000000000000e+00
0.000000000000000000e+00
0.000000000000000000e+00
0.000000000000000000e+00
0.000000000000000000e+00
0.000000000000000000e+00
0.000000000000000000e+00
0.000000000000000000e+00
0.000000000000000000e+00
0.000000000000000000e+00
0.000000000000000000e+00
0.000000000000000000e+00
0.000000000000000000e+00
0.000000000000000000e+00
0.000000000000000000e+00
0.000000000000000000e+00
0.000000000000000000e+00
0.000000000000000000e+00
0.000000000000000000e+00
0.000000000000000000e+00
0.000000000000000000e+00
0.000000000000000000e+00
0.000000000000000000e+00
0.000000000000000000e+00
0.000000000000000000e+00
0.000000000000000000e+00
0.000000000000000000e+00
0.000000000000000000e+00
0.000000000000000000e+00
0.000000000000000000e+00
0.000000000000000000e+00
0.000000000000000000e+00
0.000000000000000000e+00
0.000000000000000000e+00
0.000000000000000000e+00
0.000000000000000000e+00
0.000000000000000000e+00
0.000000000000000000e+00
0.000000000000000000e+00
0.000000000000000000e+00
0.000000000000000000e+00
0.000000000000000000e+00
0.000000000000000000e+00
0.000000000000000000e+00
0.000000000000000000e+00
0.000000000000000000e+00
0.000000000000000000e+00
0.000000000000000000e+00
0.000000000000000000e+00
0.000000000000000000e+00
0.000000000000000000e+00
0.000000000000000000e+00
0.000000000000000000e+00
0.000000000000000000e+00
0.000000000000000000e+00
0.000000000000000000e+00
0.000000000000000000e+00
0.000000000000000000e+00
0.000000000000000000e+00
0.000000000000000000e+00
0.000000000000000000e+00
0.000000000000000000e+00
0.000000000000000000e+00
0.000000000000000000e+00
0.000000000000000000e+00
0.000000000000000000e+00
0.000000000000000000e+00
0.000000000000000000e+00
0.000000000000000000e+00
0.000000000000000000e+00
0.000000000000000000e+00
0.000000000000000000e+00
0.000000000000000000e+00
0.000000000000000000e+00
0.000000000000000000e+00
0.000000000000000000e+00
0.000000000000000000e+00
0.000000000000000000e+00
0.000000000000000000e+00
0.000000000000000000e+00
0.000000000000000000e+00
0.000000000000000000e+00
0.000000000000000000e+00
0.000000000000000000e+00
0.000000000000000000e+00
0.000000000000000000e+00
0.000000000000000000e+00
0.000000000000000000e+00
0.000000000000000000e+00
0.000000000000000000e+00
0.000000000000000000e+00
0.000000000000000000e+00
0.000000000000000000e+00
0.000000000000000000e+00
0.000000000000000000e+00
0.000000000000000000e+00
0.000000000000000000e+00
0.000000000000000000e+00
0.000000000000000000e+00
0.000000000000000000e+00
0.000000000000000000e+00
0.000000000000000000e+00
0.000000000000000000e+00
0.000000000000000000e+00
0.000000000000000000e+00
0.000000000000000000e+00
0.000000000000000000e+00
0.000000000000000000e+00
0.000000000000000000e+00
0.000000000000000000e+00
0.000000000000000000e+00
0.000000000000000000e+00
0.000000000000000000e+00
0.000000000000000000e+00
0.000000000000000000e+00
0.000000000000000000e+00
0.000000000000000000e+00
0.000000000000000000e+00
0.000000000000000000e+00
0.000000000000000000e+00
0.000000000000000000e+00
0.000000000000000000e+00
0.000000000000000000e+00
0.000000000000000000e+00
0.000000000000000000e+00
0.000000000000000000e+00
0.000000000000000000e+00
0.000000000000000000e+00
0.000000000000000000e+00
0.000000000000000000e+00
0.000000000000000000e+00
0.000000000000000000e+00
0.000000000000000000e+00
0.000000000000000000e+00
0.000000000000000000e+00
0.000000000000000000e+00
0.000000000000000000e+00
0.000000000000000000e+00
0.000000000000000000e+00
0.000000000000000000e+00
0.000000000000000000e+00
0.000000000000000000e+00
0.000000000000000000e+00
0.000000000000000000e+00
0.000000000000000000e+00
0.000000000000000000e+00
0.000000000000000000e+00
0.000000000000000000e+00
0.000000000000000000e+00
0.000000000000000000e+00
0.000000000000000000e+00
0.000000000000000000e+00
0.000000000000000000e+00
0.000000000000000000e+00
0.000000000000000000e+00
0.000000000000000000e+00
0.000000000000000000e+00
0.000000000000000000e+00
0.000000000000000000e+00
0.000000000000000000e+00
0.000000000000000000e+00
0.000000000000000000e+00
0.000000000000000000e+00
0.000000000000000000e+00
0.000000000000000000e+00
0.000000000000000000e+00
0.000000000000000000e+00
0.000000000000000000e+00
0.000000000000000000e+00
0.000000000000000000e+00
0.000000000000000000e+00
0.000000000000000000e+00
0.000000000000000000e+00
0.000000000000000000e+00
0.000000000000000000e+00
0.000000000000000000e+00
0.000000000000000000e+00
0.000000000000000000e+00
0.000000000000000000e+00
0.000000000000000000e+00
0.000000000000000000e+00
0.000000000000000000e+00
0.000000000000000000e+00
0.000000000000000000e+00
0.000000000000000000e+00
0.000000000000000000e+00
0.000000000000000000e+00
0.000000000000000000e+00
0.000000000000000000e+00
0.000000000000000000e+00
0.000000000000000000e+00
0.000000000000000000e+00
0.000000000000000000e+00
0.000000000000000000e+00
0.000000000000000000e+00
0.000000000000000000e+00
0.000000000000000000e+00
0.000000000000000000e+00
0.000000000000000000e+00
0.000000000000000000e+00
0.000000000000000000e+00
0.000000000000000000e+00
0.000000000000000000e+00
0.000000000000000000e+00
0.000000000000000000e+00
0.000000000000000000e+00
0.000000000000000000e+00
0.000000000000000000e+00
0.000000000000000000e+00
0.000000000000000000e+00
0.000000000000000000e+00
0.000000000000000000e+00
0.000000000000000000e+00
0.000000000000000000e+00
0.000000000000000000e+00
0.000000000000000000e+00
0.000000000000000000e+00
0.000000000000000000e+00
0.000000000000000000e+00
0.000000000000000000e+00
0.000000000000000000e+00
0.000000000000000000e+00
0.000000000000000000e+00
0.000000000000000000e+00
0.000000000000000000e+00
0.000000000000000000e+00
0.000000000000000000e+00
0.000000000000000000e+00
0.000000000000000000e+00
0.000000000000000000e+00
0.000000000000000000e+00
0.000000000000000000e+00
0.000000000000000000e+00
0.000000000000000000e+00
0.000000000000000000e+00
0.000000000000000000e+00
0.000000000000000000e+00
0.000000000000000000e+00
0.000000000000000000e+00
0.000000000000000000e+00
0.000000000000000000e+00
0.000000000000000000e+00
0.000000000000000000e+00
0.000000000000000000e+00
0.000000000000000000e+00
0.000000000000000000e+00
0.000000000000000000e+00
0.000000000000000000e+00
0.000000000000000000e+00
0.000000000000000000e+00
0.000000000000000000e+00
0.000000000000000000e+00
0.000000000000000000e+00
0.000000000000000000e+00
0.000000000000000000e+00
0.000000000000000000e+00
0.000000000000000000e+00
0.000000000000000000e+00
0.000000000000000000e+00
0.000000000000000000e+00
0.000000000000000000e+00
0.000000000000000000e+00
0.000000000000000000e+00
0.000000000000000000e+00
0.000000000000000000e+00
0.000000000000000000e+00
0.000000000000000000e+00
0.000000000000000000e+00
0.000000000000000000e+00
0.000000000000000000e+00
0.000000000000000000e+00
0.000000000000000000e+00
0.000000000000000000e+00
0.000000000000000000e+00
0.000000000000000000e+00
0.000000000000000000e+00
0.000000000000000000e+00
0.000000000000000000e+00
0.000000000000000000e+00
0.000000000000000000e+00
0.000000000000000000e+00
0.000000000000000000e+00
0.000000000000000000e+00
0.000000000000000000e+00
0.000000000000000000e+00
0.000000000000000000e+00
0.000000000000000000e+00
0.000000000000000000e+00
0.000000000000000000e+00
0.000000000000000000e+00
0.000000000000000000e+00
0.000000000000000000e+00
0.000000000000000000e+00
0.000000000000000000e+00
0.000000000000000000e+00
0.000000000000000000e+00
0.000000000000000000e+00
0.000000000000000000e+00
0.000000000000000000e+00
0.000000000000000000e+00
0.000000000000000000e+00
0.000000000000000000e+00
0.000000000000000000e+00
0.000000000000000000e+00
0.000000000000000000e+00
0.000000000000000000e+00
0.000000000000000000e+00
0.000000000000000000e+00
0.000000000000000000e+00
0.000000000000000000e+00
0.000000000000000000e+00
0.000000000000000000e+00
0.000000000000000000e+00
0.000000000000000000e+00
0.000000000000000000e+00
0.000000000000000000e+00
0.000000000000000000e+00
0.000000000000000000e+00
0.000000000000000000e+00
0.000000000000000000e+00
0.000000000000000000e+00
0.000000000000000000e+00
0.000000000000000000e+00
0.000000000000000000e+00
0.000000000000000000e+00
0.000000000000000000e+00
0.000000000000000000e+00
0.000000000000000000e+00
0.000000000000000000e+00
0.000000000000000000e+00
0.000000000000000000e+00
0.000000000000000000e+00
0.000000000000000000e+00
0.000000000000000000e+00
0.000000000000000000e+00
0.000000000000000000e+00
0.000000000000000000e+00
0.000000000000000000e+00
0.000000000000000000e+00
0.000000000000000000e+00
0.000000000000000000e+00
0.000000000000000000e+00
0.000000000000000000e+00
0.000000000000000000e+00
0.000000000000000000e+00
0.000000000000000000e+00
0.000000000000000000e+00
0.000000000000000000e+00
0.000000000000000000e+00
0.000000000000000000e+00
0.000000000000000000e+00
0.000000000000000000e+00
0.000000000000000000e+00
0.000000000000000000e+00
0.000000000000000000e+00
0.000000000000000000e+00
0.000000000000000000e+00
0.000000000000000000e+00
0.000000000000000000e+00
0.000000000000000000e+00
0.000000000000000000e+00
0.000000000000000000e+00
0.000000000000000000e+00
0.000000000000000000e+00
0.000000000000000000e+00
0.000000000000000000e+00
0.000000000000000000e+00
0.000000000000000000e+00
0.000000000000000000e+00
0.000000000000000000e+00
0.000000000000000000e+00
0.000000000000000000e+00
0.000000000000000000e+00
0.000000000000000000e+00
0.000000000000000000e+00
0.000000000000000000e+00
0.000000000000000000e+00
0.000000000000000000e+00
0.000000000000000000e+00
0.000000000000000000e+00
0.000000000000000000e+00
0.000000000000000000e+00
0.000000000000000000e+00
0.000000000000000000e+00
0.000000000000000000e+00
0.000000000000000000e+00
0.000000000000000000e+00
0.000000000000000000e+00
0.000000000000000000e+00
0.000000000000000000e+00
0.000000000000000000e+00
0.000000000000000000e+00
0.000000000000000000e+00
0.000000000000000000e+00
0.000000000000000000e+00
0.000000000000000000e+00
0.000000000000000000e+00
0.000000000000000000e+00
0.000000000000000000e+00
0.000000000000000000e+00
0.000000000000000000e+00
0.000000000000000000e+00
0.000000000000000000e+00
0.000000000000000000e+00
0.000000000000000000e+00
0.000000000000000000e+00
0.000000000000000000e+00
0.000000000000000000e+00
0.000000000000000000e+00
0.000000000000000000e+00
0.000000000000000000e+00
0.000000000000000000e+00
0.000000000000000000e+00
0.000000000000000000e+00
0.000000000000000000e+00
0.000000000000000000e+00
0.000000000000000000e+00
0.000000000000000000e+00
0.000000000000000000e+00
0.000000000000000000e+00
0.000000000000000000e+00
0.000000000000000000e+00
0.000000000000000000e+00
0.000000000000000000e+00
0.000000000000000000e+00
0.000000000000000000e+00
0.000000000000000000e+00
0.000000000000000000e+00
0.000000000000000000e+00
0.000000000000000000e+00
0.000000000000000000e+00
0.000000000000000000e+00
0.000000000000000000e+00
0.000000000000000000e+00
0.000000000000000000e+00
0.000000000000000000e+00
0.000000000000000000e+00
0.000000000000000000e+00
0.000000000000000000e+00
0.000000000000000000e+00
0.000000000000000000e+00
0.000000000000000000e+00
0.000000000000000000e+00
0.000000000000000000e+00
0.000000000000000000e+00
0.000000000000000000e+00
0.000000000000000000e+00
0.000000000000000000e+00
0.000000000000000000e+00
0.000000000000000000e+00
0.000000000000000000e+00
0.000000000000000000e+00
0.000000000000000000e+00
0.000000000000000000e+00
0.000000000000000000e+00
0.000000000000000000e+00
0.000000000000000000e+00
0.000000000000000000e+00
0.000000000000000000e+00
0.000000000000000000e+00
0.000000000000000000e+00
0.000000000000000000e+00
0.000000000000000000e+00
0.000000000000000000e+00
0.000000000000000000e+00
0.000000000000000000e+00
0.000000000000000000e+00
0.000000000000000000e+00
0.000000000000000000e+00
0.000000000000000000e+00
0.000000000000000000e+00
0.000000000000000000e+00
0.000000000000000000e+00
0.000000000000000000e+00
0.000000000000000000e+00
0.000000000000000000e+00
0.000000000000000000e+00
0.000000000000000000e+00
0.000000000000000000e+00
0.000000000000000000e+00
0.000000000000000000e+00
0.000000000000000000e+00
0.000000000000000000e+00
0.000000000000000000e+00
0.000000000000000000e+00
0.000000000000000000e+00
0.000000000000000000e+00
0.000000000000000000e+00
0.000000000000000000e+00
0.000000000000000000e+00
0.000000000000000000e+00
0.000000000000000000e+00
0.000000000000000000e+00
0.000000000000000000e+00
0.000000000000000000e+00
0.000000000000000000e+00
0.000000000000000000e+00
0.000000000000000000e+00
0.000000000000000000e+00
0.000000000000000000e+00
0.000000000000000000e+00
0.000000000000000000e+00
0.000000000000000000e+00
0.000000000000000000e+00
0.000000000000000000e+00
0.000000000000000000e+00
0.000000000000000000e+00
0.000000000000000000e+00
0.000000000000000000e+00
0.000000000000000000e+00
0.000000000000000000e+00
0.000000000000000000e+00
0.000000000000000000e+00
0.000000000000000000e+00
0.000000000000000000e+00
0.000000000000000000e+00
0.000000000000000000e+00
0.000000000000000000e+00
0.000000000000000000e+00
0.000000000000000000e+00
0.000000000000000000e+00
0.000000000000000000e+00
0.000000000000000000e+00
0.000000000000000000e+00
0.000000000000000000e+00
0.000000000000000000e+00
0.000000000000000000e+00
0.000000000000000000e+00
0.000000000000000000e+00
0.000000000000000000e+00
0.000000000000000000e+00
0.000000000000000000e+00
0.000000000000000000e+00
0.000000000000000000e+00
0.000000000000000000e+00
0.000000000000000000e+00
0.000000000000000000e+00
0.000000000000000000e+00
0.000000000000000000e+00
0.000000000000000000e+00
0.000000000000000000e+00
0.000000000000000000e+00
0.000000000000000000e+00
0.000000000000000000e+00
0.000000000000000000e+00
0.000000000000000000e+00
0.000000000000000000e+00
0.000000000000000000e+00
0.000000000000000000e+00
0.000000000000000000e+00
0.000000000000000000e+00
0.000000000000000000e+00
0.000000000000000000e+00
0.000000000000000000e+00
0.000000000000000000e+00
0.000000000000000000e+00
0.000000000000000000e+00
0.000000000000000000e+00
0.000000000000000000e+00
0.000000000000000000e+00
0.000000000000000000e+00
0.000000000000000000e+00
0.000000000000000000e+00
0.000000000000000000e+00
0.000000000000000000e+00
0.000000000000000000e+00
0.000000000000000000e+00
0.000000000000000000e+00
0.000000000000000000e+00
0.000000000000000000e+00
0.000000000000000000e+00
0.000000000000000000e+00
0.000000000000000000e+00
0.000000000000000000e+00
0.000000000000000000e+00
0.000000000000000000e+00
0.000000000000000000e+00
0.000000000000000000e+00
0.000000000000000000e+00
0.000000000000000000e+00
0.000000000000000000e+00
0.000000000000000000e+00
0.000000000000000000e+00
0.000000000000000000e+00
0.000000000000000000e+00
0.000000000000000000e+00
0.000000000000000000e+00
0.000000000000000000e+00
0.000000000000000000e+00
0.000000000000000000e+00
0.000000000000000000e+00
0.000000000000000000e+00
0.000000000000000000e+00
0.000000000000000000e+00
0.000000000000000000e+00
0.000000000000000000e+00
0.000000000000000000e+00
0.000000000000000000e+00
0.000000000000000000e+00
0.000000000000000000e+00
0.000000000000000000e+00
0.000000000000000000e+00
0.000000000000000000e+00
0.000000000000000000e+00
0.000000000000000000e+00
0.000000000000000000e+00
0.000000000000000000e+00
0.000000000000000000e+00
0.000000000000000000e+00
0.000000000000000000e+00
0.000000000000000000e+00
0.000000000000000000e+00
0.000000000000000000e+00
0.000000000000000000e+00
0.000000000000000000e+00
0.000000000000000000e+00
0.000000000000000000e+00
0.000000000000000000e+00
0.000000000000000000e+00
0.000000000000000000e+00
0.000000000000000000e+00
0.000000000000000000e+00
0.000000000000000000e+00
0.000000000000000000e+00
0.000000000000000000e+00
0.000000000000000000e+00
0.000000000000000000e+00
0.000000000000000000e+00
0.000000000000000000e+00
0.000000000000000000e+00
0.000000000000000000e+00
0.000000000000000000e+00
0.000000000000000000e+00
0.000000000000000000e+00
0.000000000000000000e+00
0.000000000000000000e+00
0.000000000000000000e+00
0.000000000000000000e+00
0.000000000000000000e+00
0.000000000000000000e+00
0.000000000000000000e+00
0.000000000000000000e+00
0.000000000000000000e+00
0.000000000000000000e+00
0.000000000000000000e+00
0.000000000000000000e+00
0.000000000000000000e+00
0.000000000000000000e+00
0.000000000000000000e+00
0.000000000000000000e+00
0.000000000000000000e+00
0.000000000000000000e+00
0.000000000000000000e+00
0.000000000000000000e+00
0.000000000000000000e+00
0.000000000000000000e+00
0.000000000000000000e+00
0.000000000000000000e+00
0.000000000000000000e+00
0.000000000000000000e+00
0.000000000000000000e+00
0.000000000000000000e+00
0.000000000000000000e+00
0.000000000000000000e+00
0.000000000000000000e+00
0.000000000000000000e+00
0.000000000000000000e+00
0.000000000000000000e+00
0.000000000000000000e+00
0.000000000000000000e+00
0.000000000000000000e+00
0.000000000000000000e+00
0.000000000000000000e+00
0.000000000000000000e+00
0.000000000000000000e+00
0.000000000000000000e+00
0.000000000000000000e+00
0.000000000000000000e+00
0.000000000000000000e+00
0.000000000000000000e+00
0.000000000000000000e+00
0.000000000000000000e+00
0.000000000000000000e+00
0.000000000000000000e+00
0.000000000000000000e+00
0.000000000000000000e+00
0.000000000000000000e+00
0.000000000000000000e+00
0.000000000000000000e+00
0.000000000000000000e+00
0.000000000000000000e+00
0.000000000000000000e+00
0.000000000000000000e+00
0.000000000000000000e+00
0.000000000000000000e+00
0.000000000000000000e+00
0.000000000000000000e+00
0.000000000000000000e+00
0.000000000000000000e+00
0.000000000000000000e+00
0.000000000000000000e+00
0.000000000000000000e+00
0.000000000000000000e+00
0.000000000000000000e+00
0.000000000000000000e+00
0.000000000000000000e+00
0.000000000000000000e+00
0.000000000000000000e+00
0.000000000000000000e+00
0.000000000000000000e+00
0.000000000000000000e+00
0.000000000000000000e+00
0.000000000000000000e+00
0.000000000000000000e+00
0.000000000000000000e+00
0.000000000000000000e+00
0.000000000000000000e+00
0.000000000000000000e+00
0.000000000000000000e+00
0.000000000000000000e+00
0.000000000000000000e+00
0.000000000000000000e+00
0.000000000000000000e+00
0.000000000000000000e+00
0.000000000000000000e+00
0.000000000000000000e+00
0.000000000000000000e+00
0.000000000000000000e+00
0.000000000000000000e+00
0.000000000000000000e+00
0.000000000000000000e+00
0.000000000000000000e+00
0.000000000000000000e+00
0.000000000000000000e+00
0.000000000000000000e+00
0.000000000000000000e+00
0.000000000000000000e+00
0.000000000000000000e+00
0.000000000000000000e+00
0.000000000000000000e+00
0.000000000000000000e+00
0.000000000000000000e+00
0.000000000000000000e+00
0.000000000000000000e+00
0.000000000000000000e+00
0.000000000000000000e+00
0.000000000000000000e+00
0.000000000000000000e+00
0.000000000000000000e+00
0.000000000000000000e+00
0.000000000000000000e+00
0.000000000000000000e+00
0.000000000000000000e+00
0.000000000000000000e+00
0.000000000000000000e+00
0.000000000000000000e+00
0.000000000000000000e+00
0.000000000000000000e+00
0.000000000000000000e+00
0.000000000000000000e+00
0.000000000000000000e+00
0.000000000000000000e+00
0.000000000000000000e+00
0.000000000000000000e+00
0.000000000000000000e+00
0.000000000000000000e+00
0.000000000000000000e+00
0.000000000000000000e+00
0.000000000000000000e+00
0.000000000000000000e+00
0.000000000000000000e+00
0.000000000000000000e+00
0.000000000000000000e+00
0.000000000000000000e+00
0.000000000000000000e+00
0.000000000000000000e+00
0.000000000000000000e+00
0.000000000000000000e+00
0.000000000000000000e+00
0.000000000000000000e+00
0.000000000000000000e+00
0.000000000000000000e+00
0.000000000000000000e+00
0.000000000000000000e+00
0.000000000000000000e+00
0.000000000000000000e+00
0.000000000000000000e+00
0.000000000000000000e+00
0.000000000000000000e+00
0.000000000000000000e+00
0.000000000000000000e+00
0.000000000000000000e+00
0.000000000000000000e+00
0.000000000000000000e+00
0.000000000000000000e+00
0.000000000000000000e+00
0.000000000000000000e+00
0.000000000000000000e+00
0.000000000000000000e+00
0.000000000000000000e+00
0.000000000000000000e+00
0.000000000000000000e+00
0.000000000000000000e+00
0.000000000000000000e+00
0.000000000000000000e+00
0.000000000000000000e+00
0.000000000000000000e+00
0.000000000000000000e+00
0.000000000000000000e+00
0.000000000000000000e+00
0.000000000000000000e+00
0.000000000000000000e+00
0.000000000000000000e+00
0.000000000000000000e+00
0.000000000000000000e+00
0.000000000000000000e+00
0.000000000000000000e+00
0.000000000000000000e+00
0.000000000000000000e+00
0.000000000000000000e+00
0.000000000000000000e+00
0.000000000000000000e+00
0.000000000000000000e+00
0.000000000000000000e+00
0.000000000000000000e+00
0.000000000000000000e+00
0.000000000000000000e+00
0.000000000000000000e+00
0.000000000000000000e+00
0.000000000000000000e+00
0.000000000000000000e+00
0.000000000000000000e+00
0.000000000000000000e+00
0.000000000000000000e+00
0.000000000000000000e+00
0.000000000000000000e+00
0.000000000000000000e+00
0.000000000000000000e+00
0.000000000000000000e+00
0.000000000000000000e+00
0.000000000000000000e+00
0.000000000000000000e+00
0.000000000000000000e+00
0.000000000000000000e+00
0.000000000000000000e+00
0.000000000000000000e+00
0.000000000000000000e+00
0.000000000000000000e+00
0.000000000000000000e+00
0.000000000000000000e+00
0.000000000000000000e+00
0.000000000000000000e+00
0.000000000000000000e+00
0.000000000000000000e+00
0.000000000000000000e+00
0.000000000000000000e+00
0.000000000000000000e+00
0.000000000000000000e+00
0.000000000000000000e+00
0.000000000000000000e+00
0.000000000000000000e+00
0.000000000000000000e+00
0.000000000000000000e+00
0.000000000000000000e+00
0.000000000000000000e+00
0.000000000000000000e+00
0.000000000000000000e+00
0.000000000000000000e+00
0.000000000000000000e+00
0.000000000000000000e+00
0.000000000000000000e+00
0.000000000000000000e+00
0.000000000000000000e+00
0.000000000000000000e+00
0.000000000000000000e+00
0.000000000000000000e+00
0.000000000000000000e+00
0.000000000000000000e+00
0.000000000000000000e+00
0.000000000000000000e+00
0.000000000000000000e+00
0.000000000000000000e+00
0.000000000000000000e+00
0.000000000000000000e+00
0.000000000000000000e+00
0.000000000000000000e+00
0.000000000000000000e+00
0.000000000000000000e+00
0.000000000000000000e+00
0.000000000000000000e+00
0.000000000000000000e+00
0.000000000000000000e+00
0.000000000000000000e+00
0.000000000000000000e+00
0.000000000000000000e+00
0.000000000000000000e+00
0.000000000000000000e+00
0.000000000000000000e+00
0.000000000000000000e+00
0.000000000000000000e+00
0.000000000000000000e+00
0.000000000000000000e+00
0.000000000000000000e+00
0.000000000000000000e+00
0.000000000000000000e+00
0.000000000000000000e+00
0.000000000000000000e+00
0.000000000000000000e+00
0.000000000000000000e+00
0.000000000000000000e+00
0.000000000000000000e+00
0.000000000000000000e+00
0.000000000000000000e+00
0.000000000000000000e+00
0.000000000000000000e+00
0.000000000000000000e+00
0.000000000000000000e+00
0.000000000000000000e+00
0.000000000000000000e+00
0.000000000000000000e+00
0.000000000000000000e+00
0.000000000000000000e+00
0.000000000000000000e+00
0.000000000000000000e+00
0.000000000000000000e+00
0.000000000000000000e+00
0.000000000000000000e+00
0.000000000000000000e+00
0.000000000000000000e+00
0.000000000000000000e+00
0.000000000000000000e+00
0.000000000000000000e+00
0.000000000000000000e+00
0.000000000000000000e+00
0.000000000000000000e+00
0.000000000000000000e+00
0.000000000000000000e+00
0.000000000000000000e+00
0.000000000000000000e+00
0.000000000000000000e+00
0.000000000000000000e+00
0.000000000000000000e+00
0.000000000000000000e+00
0.000000000000000000e+00
0.000000000000000000e+00
0.000000000000000000e+00
0.000000000000000000e+00
0.000000000000000000e+00
0.000000000000000000e+00
0.000000000000000000e+00
0.000000000000000000e+00
0.000000000000000000e+00
0.000000000000000000e+00
0.000000000000000000e+00
0.000000000000000000e+00
0.000000000000000000e+00
0.000000000000000000e+00
0.000000000000000000e+00
0.000000000000000000e+00
0.000000000000000000e+00
0.000000000000000000e+00
0.000000000000000000e+00
0.000000000000000000e+00
0.000000000000000000e+00
0.000000000000000000e+00
0.000000000000000000e+00
0.000000000000000000e+00
0.000000000000000000e+00
0.000000000000000000e+00
0.000000000000000000e+00
0.000000000000000000e+00
0.000000000000000000e+00
0.000000000000000000e+00
0.000000000000000000e+00
0.000000000000000000e+00
0.000000000000000000e+00
0.000000000000000000e+00
0.000000000000000000e+00
0.000000000000000000e+00
0.000000000000000000e+00
0.000000000000000000e+00
0.000000000000000000e+00
0.000000000000000000e+00
0.000000000000000000e+00
0.000000000000000000e+00
0.000000000000000000e+00
0.000000000000000000e+00
0.000000000000000000e+00
0.000000000000000000e+00
0.000000000000000000e+00
0.000000000000000000e+00
0.000000000000000000e+00
0.000000000000000000e+00
0.000000000000000000e+00
0.000000000000000000e+00
0.000000000000000000e+00
0.000000000000000000e+00
0.000000000000000000e+00
0.000000000000000000e+00
0.000000000000000000e+00
0.000000000000000000e+00
0.000000000000000000e+00
0.000000000000000000e+00
0.000000000000000000e+00
0.000000000000000000e+00
0.000000000000000000e+00
0.000000000000000000e+00
0.000000000000000000e+00
0.000000000000000000e+00
0.000000000000000000e+00
0.000000000000000000e+00
0.000000000000000000e+00
0.000000000000000000e+00
0.000000000000000000e+00
0.000000000000000000e+00
0.000000000000000000e+00
0.000000000000000000e+00
0.000000000000000000e+00
0.000000000000000000e+00
0.000000000000000000e+00
0.000000000000000000e+00
0.000000000000000000e+00
0.000000000000000000e+00
0.000000000000000000e+00
0.000000000000000000e+00
0.000000000000000000e+00
0.000000000000000000e+00
0.000000000000000000e+00
0.000000000000000000e+00
0.000000000000000000e+00
0.000000000000000000e+00
0.000000000000000000e+00
0.000000000000000000e+00
0.000000000000000000e+00
0.000000000000000000e+00
0.000000000000000000e+00
0.000000000000000000e+00
0.000000000000000000e+00
0.000000000000000000e+00
0.000000000000000000e+00
0.000000000000000000e+00
0.000000000000000000e+00
0.000000000000000000e+00
0.000000000000000000e+00
0.000000000000000000e+00
0.000000000000000000e+00
0.000000000000000000e+00
0.000000000000000000e+00
0.000000000000000000e+00
0.000000000000000000e+00
0.000000000000000000e+00
0.000000000000000000e+00
0.000000000000000000e+00
0.000000000000000000e+00
0.000000000000000000e+00
0.000000000000000000e+00
0.000000000000000000e+00
0.000000000000000000e+00
0.000000000000000000e+00
0.000000000000000000e+00
0.000000000000000000e+00
0.000000000000000000e+00
0.000000000000000000e+00
0.000000000000000000e+00
0.000000000000000000e+00
0.000000000000000000e+00
0.000000000000000000e+00
0.000000000000000000e+00
0.000000000000000000e+00
0.000000000000000000e+00
0.000000000000000000e+00
0.000000000000000000e+00
0.000000000000000000e+00
0.000000000000000000e+00
0.000000000000000000e+00
0.000000000000000000e+00
0.000000000000000000e+00
0.000000000000000000e+00
0.000000000000000000e+00
0.000000000000000000e+00
0.000000000000000000e+00
0.000000000000000000e+00
0.000000000000000000e+00
0.000000000000000000e+00
0.000000000000000000e+00
0.000000000000000000e+00
0.000000000000000000e+00
0.000000000000000000e+00
0.000000000000000000e+00
0.000000000000000000e+00
0.000000000000000000e+00
0.000000000000000000e+00
0.000000000000000000e+00
0.000000000000000000e+00
0.000000000000000000e+00
0.000000000000000000e+00
0.000000000000000000e+00
0.000000000000000000e+00
0.000000000000000000e+00
0.000000000000000000e+00
0.000000000000000000e+00
0.000000000000000000e+00
-2.552159748574544390e-03
-7.600146883946536092e-03
-2.018522167936163958e-02
-2.530023002942813695e-02
-3.062886375581097553e-02
-3.067974984102680991e-02
-3.626563312235523556e-02
-4.289140440053984538e-02
-4.311210619842789638e-02
-4.621436192736175230e-02
-4.622431015790311182e-02
-4.662283793320483316e-02
-5.109753004467648685e-02
-5.279075023602589067e-02
-5.413913091518458842e-02
-6.078199656187401045e-02
-6.341065010980906358e-02
-6.993768429403490750e-02
-7.138529272889457267e-02
-7.168541625314379939e-02
-8.179058582954952528e-02
-8.802764714602530349e-02
-9.517628167492754587e-02
-9.533335174488034858e-02
-9.719519781088424570e-02
-9.934704130344181039e-02
-1.000677663772440024e-01
-1.045309074104800867e-01
-1.091063206778308120e-01
-1.109014330419996891e-01
-1.152827663506710149e-01
-1.174364994275167579e-01
-1.298782894786391640e-01
-1.325007513476021970e-01
-1.514812927756808703e-01
-1.606603380142405946e-01
-1.627250676934242912e-01
-1.687386102121906650e-01
-1.817616385901526244e-01
-2.001307027015346574e-01
-2.009601954217579700e-01
-2.015877487367333520e-01
-2.091569303837773064e-01
-2.153340492586622579e-01
-2.161156321704076066e-01
-2.170638073462775597e-01
-2.201684510710105458e-01
-2.228557544600709428e-01
-2.230468710363706364e-01
-2.280229227599505359e-01
-2.372243584888251156e-01
-2.373391022148637619e-01
-2.448478105261017168e-01
-2.487282189610619254e-01
-2.505095175333758029e-01
-2.511545955493721949e-01
-2.515548956126993918e-01
-2.543052224985069554e-01
-2.592915566888388534e-01
-2.598214129327623967e-01
-2.680322904142034002e-01
-2.684470764022078293e-01
-2.693951110250784597e-01
-2.702723962849053474e-01
-2.742080611149058100e-01
-2.764083594412723999e-01
-2.769829198690622052e-01
-2.974496436527259147e-01
-3.019629994148937402e-01
-3.025289705402205986e-01
-3.027841160116954144e-01
-3.079997941027572961e-01
-3.125889166156715637e-01
-3.164200045896146674e-01
-3.181165351863113333e-01
-3.188891178492841982e-01
-3.195149338756701485e-01
-3.196255807114779524e-01
-3.228595956580592730e-01
-3.314901094214469102e-01
-3.320347750124587605e-01
-3.320770723772636934e-01
-3.331568345346911375e-01
-3.332022582436747205e-01
-3.435846174611702497e-01
-3.469843979423395952e-01
-3.511057023604448601e-01
-3.524065258626565833e-01
-3.544144956142305514e-01
-3.557674816859117684e-01
-3.631000256393292491e-01
-3.634259966688593302e-01
-3.724403669993860411e-01
-3.766911681625814134e-01
-3.818137226438975684e-01
-3.823263167638283333e-01
-3.826888529827810470e-01
-3.830929403145670875e-01
-3.912453509946755559e-01
-3.927380526995680743e-01
-4.030444896977031788e-01
-4.042330006182671132e-01
-4.061704204374120830e-01
-4.080269435858486782e-01
-4.173656339008863236e-01
-4.265927411422792970e-01
-4.299485041812743935e-01
-4.370354125917864097e-01
-4.406478283306478616e-01
-4.439687659687072685e-01
-4.450974963932399775e-01
-4.510728974311276063e-01
-4.670679907067023517e-01
-4.675780460320169696e-01
-4.685450727219796496e-01
-4.812286282963802453e-01
-4.822777446440403848e-01
-4.908306211179018219e-01
-4.911504162708432153e-01
-4.997611143765012254e-01
-5.021548696656336075e-01
-5.089506021191204654e-01
-5.125332321494652232e-01
-5.165251628187368382e-01
-5.190512975382677308e-01
-5.242314048352039180e-01
-5.284771537336280245e-01
-5.296091932529594093e-01
-5.332822876281313462e-01
-5.341994148935004239e-01
-5.387995764686257516e-01
-5.429915942081282587e-01
-5.461706462364024350e-01
-5.472653723751443877e-01
-5.501958861111765353e-01
-5.502242289133475461e-01
-5.557470089498024457e-01
-5.631722515536713436e-01
-5.713494924069839609e-01
-5.844248920161807526e-01
-5.872546032582470765e-01
-5.912137614283633491e-01
-6.006096808826127953e-01
-6.009947408665402557e-01
-6.034730938693940727e-01
-6.059078868271905449e-01
-6.066469930226084939e-01
-6.075394497211821232e-01
-6.098208071950080855e-01
-6.130446708725342253e-01
-6.163129069099700930e-01
-6.178971925106733210e-01
-6.251702023022628341e-01
-6.252453997068126990e-01
-6.252497949150205292e-01
-6.252782555845953771e-01
-6.305307409668888807e-01
-6.454900886342148647e-01
-6.457454011550047834e-01
-6.477247409817706858e-01
-6.501704601277780160e-01
-6.511801845890630158e-01
-6.523269023380674492e-01
-6.527852124409424528e-01
-6.552476803045707010e-01
-6.613963812011371957e-01
-6.656988383065194359e-01
-6.697166457441156018e-01
-6.703573433387873814e-01
-6.705489940574589358e-01
-6.757631140929494240e-01
-6.771870400554652614e-01
-6.848679231911298793e-01
-6.853714050518973089e-01
-6.884710542390584109e-01
-6.891759500331448018e-01
-6.937177908674625471e-01
-6.942083883909153652e-01
-6.965980626613612614e-01
-7.006517261687502662e-01
-7.070505790806299595e-01
-7.122800572872256542e-01
-7.124928792058731197e-01
-7.181140799050310664e-01
-7.204048040967172550e-01
-7.221885977106428101e-01
-7.239162020395434327e-01
-7.378292598526047241e-01
-7.395653148351352124e-01
-7.407111552166731894e-01
-7.425744084215443186e-01
-7.447380149929972992e-01
-7.461149406561874420e-01
-7.513403225756647430e-01
-7.552515804508964647e-01
-7.625940456034980830e-01
-7.734546165117399674e-01
-7.796325505052110749e-01
-7.858850985429206570e-01
-7.918649116716089953e-01
-7.942936754470906191e-01
-7.965576511913816660e-01
-7.984604277819298268e-01
-8.114165545101424959e-01
-8.136060381646539330e-01
-8.231524123954205852e-01
-8.231621639289028458e-01
-8.233745967460983639e-01
-8.265493793834448599e-01
-8.265888028064732884e-01
-8.295851989043065977e-01
-8.303656736491136225e-01
-8.366936781999370076e-01
-8.402454336651984379e-01
-8.459692438386363644e-01
-8.554208338728771510e-01
-8.689057335122464254e-01
-8.695797944833227877e-01
-8.708892003008565919e-01
-8.716272791560853994e-01
-8.733196368741152904e-01
-8.820308493546007433e-01
-8.912946128874378315e-01
-8.922603378849783828e-01
-8.927613186429499414e-01
-8.928164530884621364e-01
-8.949569915688551092e-01
-9.035955264030035572e-01
-9.059913343315956213e-01
-9.099120646220805186e-01
-9.134002147911460812e-01
-9.138120970081199390e-01
-9.157348923244424954e-01
-9.207346411363764860e-01
-9.226443882441655031e-01
-9.263399704050914174e-01
-9.362988218874876978e-01
-9.369016333019674070e-01
-9.431600182465172955e-01
-9.449359774071188767e-01
-9.501035463508098466e-01
-9.543559939941634873e-01
-9.589733317938755608e-01
-9.696296836804760844e-01
-9.706357121996598281e-01
-9.729671241135096071e-01
-9.738097201794837510e-01
-9.766685196542791436e-01
-9.828161035714795268e-01
-9.843779972148967161e-01
-9.846721835021423619e-01
-9.873442539503465287e-01
-9.878130720502383832e-01
-9.956529227602637366e-01
-9.991603688215844326e-01
-1.005565700678708874e+00
-1.005696399606327507e+00
-1.018908243455555640e+00
-1.021473077241334515e+00
-1.027091828023826814e+00
-1.036680835398016587e+00
-1.037588848913135076e+00
-1.058216976139355836e+00
-1.059137628082992943e+00
-1.068092047905425890e+00
-1.069871146335980239e+00
-1.070467239867245457e+00
-1.073651919693467294e+00
-1.074762900792736176e+00
-1.082672553967897633e+00
-1.086075873133658609e+00
-1.094121920067341103e+00
-1.110182068871093941e+00
-1.114346909699878596e+00
-1.120380008903700819e+00
-1.126747746897433622e+00
-1.127576540960928853e+00
-1.129329735945887592e+00
-1.131162715035073374e+00
-1.143114737537285208e+00
-1.156519232388525165e+00
-1.162937306641998347e+00
-1.173494673999449844e+00
-1.173729086359161844e+00
-1.173764618014647265e+00
-1.174532447553658265e+00
-1.177186027442709726e+00
-1.183044109383270648e+00
-1.190907553341105984e+00
-1.191770703962901079e+00
-1.194962044172489302e+00
-1.198301493969151199e+00
-1.207316995404627891e+00
-1.213568880663849825e+00
-1.227357451136126931e+00
-1.230533816131802238e+00
-1.231967248256597092e+00
-1.242394534441050302e+00
-1.243479888356137320e+00
-1.255579750311443865e+00
-1.261648598594451220e+00
-1.266348954389531656e+00
-1.272707492173726695e+00
-1.297110322455289344e+00
-1.301135002634429938e+00
-1.317579881105393813e+00
-1.319199802373295372e+00
-1.322657757102680520e+00
-1.323414522892378153e+00
-1.328146823472899030e+00
-1.330233619280129842e+00
-1.350528487698735569e+00
-1.354204388064334852e+00
-1.359212986801426215e+00
-1.360936542482673373e+00
-1.370939759441002659e+00
-1.373787259627244461e+00
-1.375034222743245937e+00
-1.375532615100351741e+00
-1.395360794922014147e+00
-1.406350077694127787e+00
-1.409811544263433358e+00
-1.409877606406603423e+00
-1.411867119986353281e+00
-1.418871955373308902e+00
-1.423197220115500983e+00
-1.429309950114487027e+00
-1.443531653470375042e+00
-1.448093776665871468e+00
-1.450708803789226620e+00
-1.456034766880835774e+00
-1.458276583130848847e+00
-1.458557442451482666e+00
-1.467652843847846000e+00
-1.468026620669730331e+00
-1.471116945614219906e+00
-1.475151569284049780e+00
-1.489915212744687301e+00
-1.495055024162623480e+00
-1.495898180733369998e+00
-1.506467425911997227e+00
-1.512038836046009083e+00
-1.512778899680905953e+00
-1.526562485641209888e+00
-1.530340437827156341e+00
-1.537444358377156428e+00
-1.539718735702809038e+00
-1.547080665055985627e+00
-1.550861692910405987e+00
-1.551744475173917337e+00
-1.559755698312427219e+00
-1.559761054040750716e+00
-1.560990435372384466e+00
-1.561516782626609645e+00
-1.572735233976128466e+00
-1.579180474052732652e+00
-1.582645355911690199e+00
-1.588009650398764849e+00
-1.588187818108662608e+00
-1.597904941532379164e+00
-1.598120587930609959e+00
-1.599000096109029823e+00
-1.599259116029692951e+00
-1.599807332630617474e+00
-1.600258547723661495e+00
-1.601566944097475353e+00
-1.621974024980890272e+00
-1.625192725527935478e+00
-1.631994429718564898e+00
-1.633306283635491019e+00
-1.634752145135285550e+00
-1.660240407330237700e+00
-1.669258968209805793e+00
-1.671520019677880109e+00
-1.689994794083103269e+00
-1.690012883689182122e+00
-1.690403305728756411e+00
-1.698278829114804100e+00
-1.706723147200909674e+00
-1.714516260394124414e+00
-1.714559994975868973e+00
-1.722444507314931927e+00
-1.730930757816834697e+00
-1.737210435769027450e+00
-1.739746152698102843e+00
-1.741454202413966312e+00
-1.741699957132842647e+00
-1.743217310154556277e+00
-1.745105814957308654e+00
-1.745319219182964510e+00
-1.746379501701835757e+00
-1.772238151189346578e+00
-1.777524726917489861e+00
-1.790431555957142651e+00
-1.794455487067301069e+00
-1.797458762152460698e+00
-1.800017146163805926e+00
-1.800062774629405560e+00
-1.806235088324464666e+00
-1.807026284907824687e+00
-1.809222221924827956e+00
-1.811806668163123302e+00
-1.826143532209131060e+00
-1.827472968674365816e+00
-1.828279790533254401e+00
-1.831701933064481036e+00
-1.832371146301683851e+00
-1.836753224374559013e+00
-1.844585027884445783e+00
-1.846704671698457423e+00
-1.854162332321903639e+00
-1.861812760318590998e+00
-1.863012028727494274e+00
-1.864901963586148792e+00
-1.874533892207401076e+00
-1.875296289485761880e+00
-1.875653456188750345e+00
-1.879783814293298549e+00
-1.883713838046655820e+00
-1.887836227740855799e+00
-1.888213115331037084e+00
-1.889798487885022027e+00
-1.894752966082213108e+00
-1.895162736449008678e+00
-1.895945911213140045e+00
-1.900906272419731646e+00
-1.902800550073282526e+00
-1.905665404532858709e+00
-1.906668251904740208e+00
-1.915862716049520076e+00
-1.922966185253815574e+00
-1.924162006173722572e+00
-1.927161574061977189e+00
-1.932308971013996679e+00
-1.941287720904683933e+00
-1.964907564435333986e+00
-1.966525884124721513e+00
-1.968330961261349987e+00
-1.970276756148122255e+00
-1.977510549784889049e+00
-1.985916951486307092e+00
-1.989795774283847241e+00
-2.005140879748700478e+00
-2.005646770565048254e+00
-2.006983098115684427e+00
-2.021406254383895096e+00
-2.022161204714714167e+00
-2.027268416747724622e+00
-2.029075163509179713e+00
-2.042801737512935478e+00
-2.055181427294499485e+00
-2.064721980032245163e+00
-2.066654095019579085e+00
-2.074061790625423285e+00
-2.075152733154029150e+00
-2.077881982879557388e+00
-2.084118548625230272e+00
-2.096619277415737503e+00
-2.097144023833141357e+00
-2.100384845983019666e+00
-2.101126741829588251e+00
-2.101247373898291304e+00
-2.104012377953353941e+00
-2.104639360704325224e+00
-2.115376344695226063e+00
-2.121170165830601029e+00
-2.141718010659688698e+00
-2.142695328793876364e+00
-2.160119499006864618e+00
-2.168191657194028732e+00
-2.169150642217800851e+00
-2.172530988846801847e+00
-2.172919922716770813e+00
-2.176056914286088162e+00
-2.176857065150235027e+00
-2.183198542223671268e+00
-2.189844077263515043e+00
-2.197322758602595183e+00
-2.198708753873946264e+00
-2.206050811055651373e+00
-2.207416920540691496e+00
-2.209718645154340688e+00
-2.221406798666477833e+00
-2.224332849825102265e+00
-2.228136182156355005e+00
-2.232436652661449195e+00
-2.232937942602148951e+00
-2.242379734914740741e+00
-2.245830317630300943e+00
-2.249902846540482670e+00
-2.259244676919309303e+00
-2.259553546178609817e+00
-2.268196129442608733e+00
-2.273990234803884292e+00
-2.279168364166626493e+00
-2.287298416719511618e+00
-2.289325411114864650e+00
-2.291052319043059171e+00
-2.291535361565649520e+00
-2.295426114789704819e+00
-2.306939545416440751e+00
-2.314242539895377426e+00
-2.322674700447787455e+00
-2.331962430593805813e+00
-2.335004194731379101e+00
-2.336566352880731223e+00
-2.345767217851928432e+00
-2.347544927812729831e+00
-2.348202777635688410e+00
-2.361114458256694970e+00
-2.361386688077844020e+00
-2.369075736548301947e+00
-2.372646559724405080e+00
-2.375153467934905560e+00
-2.376162367763639871e+00
-2.384157050156745061e+00
-2.392334968765369663e+00
-2.397848833379547795e+00
-2.398396290209006132e+00
-2.418876907348918248e+00
-2.419114202001414693e+00
-2.421734216450139421e+00
-2.428094593638834287e+00
-2.429183732892179925e+00
-2.429705425201429847e+00
-2.431958927777335244e+00
-2.432772316976609339e+00
-2.433104274731638039e+00
-2.437312175190946562e+00
-2.448429974601207704e+00
-2.456446690749174877e+00
-2.468322292173247501e+00
-2.473500897282626898e+00
-2.488025435253494955e+00
-2.510541936521297757e+00
-2.513600720892141815e+00
-2.516401691406636054e+00
-2.522306859203609530e+00
-2.552872234852610500e+00
-2.554647327084210495e+00
-2.557131489715245287e+00
-2.560118134976856474e+00
-2.565660979066282099e+00
-2.571038060831201566e+00
-2.571766016310537584e+00
-2.573210664286852634e+00
-2.578672005806551759e+00
-2.585665830381020047e+00
-2.587199257106346906e+00
-2.590061251798203124e+00
-2.614695600827531496e+00
-2.615391492539107077e+00
-2.616441699860081460e+00
-2.630717986078129567e+00
-2.634759026080161881e+00
-2.636294399705064961e+00
-2.636438639780157800e+00
-2.641596356417660107e+00
-2.642550992816929067e+00
-2.644290101192417808e+00
-2.646539833418757315e+00
-2.647072485366603445e+00
-2.648422707773580242e+00
-2.649747748728081831e+00
-2.649793768884493694e+00
-2.662240323580054913e+00
-2.662862842990197709e+00
-2.663853571690692146e+00
-2.669099617539155034e+00
-2.677235771461116354e+00
-2.677800861397436449e+00
-2.681366746669775480e+00
-2.684303317062845640e+00
-2.691197358602980927e+00
-2.695329275867504926e+00
-2.701488859654892494e+00
-2.701617502191167475e+00
-2.714024134386963993e+00
-2.716600820721322584e+00
-2.719371870616579034e+00
-2.727653920672129750e+00
-2.728736333386420743e+00
-2.733932165902876577e+00
-2.766022286604988611e+00
-2.766092797005669013e+00
-2.770810371756082358e+00
-2.771663587497707137e+00
-2.772310257844679438e+00
-2.779175783828854218e+00
-2.780325291731875037e+00
-2.790022972592605566e+00
-2.792343632604850523e+00
-2.792766043192487224e+00
-2.795481938500710140e+00
-2.807933848383126652e+00
-2.812234480679315141e+00
-2.813092787388084215e+00
-2.814007702618095408e+00
-2.814099570068297140e+00
-2.817999332620203301e+00
-2.820713158883196403e+00
-2.820923106272694714e+00
-2.824845785182938940e+00
-2.830318859929735531e+00
-2.832180831878762017e+00
-2.834431356223312992e+00
-2.837122392284012751e+00
-2.839403804773280804e+00
-2.863411391392769900e+00
-2.865554532312832858e+00
-2.866202443545151191e+00
-2.885225390502413223e+00
-2.888048654753221811e+00
-2.893023927489435820e+00
-2.895274127095410321e+00
-2.896975714226173171e+00
-2.905854265236717193e+00
-2.911405686112502167e+00
-2.915658660378111833e+00
-2.921097676106410024e+00
-2.924361911958561766e+00
-2.925817322121204267e+00
-2.928441161827316286e+00
-2.929827162291888776e+00
-2.930437235796253592e+00
-2.936361841856196531e+00
-2.942790636802269155e+00
-2.945177795646301888e+00
-2.952029146883464517e+00
-2.955690223663967053e+00
-2.957524069753145302e+00
-2.963110287055495728e+00
-2.978125470124513452e+00
-2.982017765011648613e+00
-2.989712414736393153e+00
-2.991653899593520016e+00
-3.008803144634048632e+00
-3.009181085169021497e+00
-3.010122728695502570e+00
-3.011937294107862595e+00
-3.014689497123653528e+00
-3.018586675906245631e+00
-3.021820181656568405e+00
-3.021954670562455370e+00
-3.028637865529306694e+00
-3.040230282031278541e+00
-3.046207074722878883e+00
-3.049005621135417954e+00
-3.050971871096813892e+00
-3.051775806417214909e+00
-3.054601755474069424e+00
-3.068899194953162546e+00
-3.074949883356086655e+00
-3.077262733617454948e+00
-3.078576469554267447e+00
-3.082458570815505450e+00
-3.086986534633439305e+00
-3.092023316700813318e+00
-3.101530845113594115e+00
-3.102964080815016956e+00
-3.104250206554027613e+00
-3.111246271734244395e+00
-3.112036890960076185e+00
-3.121124275809376680e+00
-3.127680491480495650e+00
-3.139697149743498450e+00
-3.140841913488559900e+00
-3.148925814675358925e+00
-3.149701842366838367e+00
-3.156692811258408504e+00
-3.163061445485054080e+00
-3.163125700714153776e+00
-3.179075771785827342e+00
-3.183994195382225278e+00
-3.187953677858602397e+00
-3.188821803986752190e+00
-3.190169330821238880e+00
-3.208546759310375140e+00
-3.211191262702284721e+00
-3.214845015362085778e+00
-3.218564488287786851e+00
-3.225411097151488438e+00
-3.228894461186110121e+00
-3.242822985994493923e+00
-3.249416169048370939e+00
-3.270396882870323374e+00
-3.273054217081453832e+00
-3.285332435075170032e+00
-3.300673581939826740e+00
-3.305563899299373887e+00
-3.309017909575073801e+00
-3.316414301638987983e+00
-3.316753575571057766e+00
-3.320550221700905080e+00
-3.322531074368268555e+00
-3.322689055688971660e+00
-3.331663309019190944e+00
-3.332979035593987227e+00
-3.334115987302710415e+00
-3.335101819767653630e+00
-3.337330223565030618e+00
-3.339023742641454184e+00
-3.348122013332976543e+00
-3.365815949505034599e+00
-3.372817122107115040e+00
-3.373915435229368320e+00
-3.376080411127101666e+00
-3.387994624926997211e+00
-3.390007920056186119e+00
-3.390787778824191800e+00
-3.414678195677002481e+00
-3.423036843118101746e+00
-3.424500992891322593e+00
-3.440610317858259215e+00
-3.456904643008816613e+00
-3.464122091274285609e+00
-3.465578062260815884e+00
-3.465834137023876771e+00
-3.467002448779114676e+00
-3.480572009429447444e+00
-3.487824880273850958e+00
-3.492401507937176408e+00
-3.492689637018330906e+00
-3.496394006970733326e+00
-3.497800427190619565e+00
-3.498306903620596042e+00
-3.499459998802782579e+00
-3.502252730561389971e+00
-3.512474569308774441e+00
-3.518450013878782201e+00
-3.528759255567536002e+00
-3.534744185444291809e+00
-3.535449136057034814e+00
-3.539845232365552707e+00
-3.547545141261292390e+00
-3.549561573422765459e+00
-3.551590938052586743e+00
-3.554949312396628258e+00
-3.583238558225464665e+00
-3.587245717036906090e+00
-3.594411585021810573e+00
-3.598863818828051286e+00
-3.599139250765420073e+00
-3.612344578584026689e+00
-3.627884671605146938e+00
-3.628985605683795246e+00
-3.631967913992232511e+00
-3.634743865754881842e+00
-3.637182667220380861e+00
-3.642472751575347889e+00
-3.656392642928420589e+00
-3.665245620107670188e+00
-3.671464269582714213e+00
-3.671882864743465813e+00
-3.701260318661762305e+00
-3.704149291440756997e+00
-3.714871396705327289e+00
-3.721497467283124028e+00
-3.735318670507362881e+00
-3.745041460645067488e+00
-3.746094178145643383e+00
-3.750249320017593924e+00
-3.761225529930023903e+00
-3.769130584397651251e+00
-3.769691486670093905e+00
-3.777154424622616080e+00
-3.777731127576195114e+00
-3.790356321464002587e+00
-3.797926352176556719e+00
-3.798047614327761501e+00
-3.804529899722275843e+00
-3.817686781436103516e+00
-3.853299953322509630e+00
-3.856627732182540402e+00
-3.865654133256279490e+00
-3.870362801024311850e+00
-3.902258937291419372e+00
-3.910675373754892714e+00
-3.919403723191162481e+00
-3.927245697742021147e+00
-3.928473199971127539e+00
-3.928938141371163706e+00
-3.940234128178244255e+00
-3.940815397807775788e+00
-3.943726342738591573e+00
-3.948680752659805115e+00
-3.953077198618787147e+00
-3.960270452592518531e+00
-3.967702891680399802e+00
-3.979006671166985143e+00
-3.979965257421020031e+00
-3.991585830494833953e+00
-3.999374124984643508e+00
-4.008003371939191872e+00
-4.011476334456149928e+00
-4.020354849655650042e+00
-4.024356637375230861e+00
-4.033076324867534090e+00
-4.053148964657760089e+00
-4.054591481597845437e+00
-4.056536472693442974e+00
-4.057446261458037107e+00
-4.058706613685862941e+00
-4.069757081602156212e+00
-4.079672880430548432e+00
-4.083310590702025067e+00
-4.083655316701133131e+00
-4.091522770398572817e+00
-4.091937978320699720e+00
-4.092325660845692603e+00
-4.095670164894555931e+00
-4.097740689608124320e+00
-4.101608353962330256e+00
-4.102183853202368446e+00
-4.102673245843932115e+00
-4.105582297083056886e+00
-4.112278111888605814e+00
-4.121827167104844314e+00
-4.131342199685845706e+00
-4.160122847185673933e+00
-4.178111326010406579e+00
-4.194934125553118953e+00
-4.200822200366570947e+00
-4.208980479215091997e+00
-4.211495770149694451e+00
-4.212735101067043963e+00
-4.229496348512262749e+00
-4.232509867422213468e+00
-4.234861237611004192e+00
-4.247545687839215489e+00
-4.267497168953528153e+00
-4.271320445924428277e+00
-4.277664175273492297e+00
-4.277745923545292150e+00
-4.278265791524477279e+00
-4.291254035494838526e+00
-4.302974295350553646e+00
-4.304735802566991509e+00
-4.309486175816021003e+00
-4.313495800502503030e+00
-4.318328582271793614e+00
-4.322902907922785865e+00
-4.338714975741975621e+00
-4.339419649883306640e+00
-4.341367394106026012e+00
-4.343735775670361399e+00
-4.345878556343086174e+00
-4.359031665533528610e+00
-4.359828573430221788e+00
-4.364348970799749594e+00
-4.369079629271195309e+00
-4.371555229622051897e+00
-4.384650472998210979e+00
-4.387456518302513153e+00
-4.409547092192061868e+00
-4.412404595069565616e+00
-4.419040298965646762e+00
-4.419068269706149188e+00
-4.426968966400237626e+00
-4.445772869084500201e+00
-4.457510286175817349e+00
-4.461795033947783651e+00
-4.470555841797788865e+00
-4.472491050243701416e+00
-4.473059824093129855e+00
-4.473478836283079296e+00
-4.478077310628104435e+00
-4.495770925294602982e+00
-4.508157459229168218e+00
-4.511199851366325397e+00
-4.516399882088391493e+00
-4.522153471271655789e+00
-4.528735100578932027e+00
-4.546768533962088021e+00
-4.547905211575668183e+00
-4.559684494789127740e+00
-4.563156312824178329e+00
-4.564990542837002785e+00
-4.578061347928131575e+00
-4.581932734654547978e+00
-4.609829497802531151e+00
-4.614100274327111784e+00
-4.615582976237149637e+00
-4.617204715098347734e+00
-4.626681518842628904e+00
-4.638522543208844162e+00
-4.650436225273876012e+00
-4.652393725941418090e+00
-4.656414028562701368e+00
-4.658469197773219328e+00
-4.664963575779680127e+00
-4.684721529530797568e+00
-4.698179079675628422e+00
-4.707158056765295306e+00
-4.712407724939991382e+00
-4.722330075529861837e+00
-4.723641892093122685e+00
-4.727618293387882531e+00
-4.736569088593173049e+00
-4.754959034971554033e+00
-4.775429905749348336e+00
-4.783979852428006829e+00
-4.786721018331141941e+00
-4.790360103809314651e+00
-4.809366367382254204e+00
-4.812565210797050241e+00
-4.830214659585510439e+00
-4.842535798998905960e+00
-4.856254831008264716e+00
-4.864288672063239893e+00
-4.870245589335292280e+00
-4.870863066634720795e+00
-4.874762629355629429e+00
-4.882981471557767073e+00
-4.888266685312324888e+00
-4.923079909470538418e+00
-4.930228218726663947e+00
-4.934996838692208065e+00
-4.938901119403087847e+00
-4.941500921302970362e+00
-4.943797493083987860e+00
-4.958225987167989679e+00
-4.961006600869984240e+00
-4.962468228456327957e+00
-4.962671948107106878e+00
-4.973864473201622616e+00
-4.977577385544576849e+00
-4.978813979382853638e+00
-5.000556118076370460e+00
-5.029808696724297867e+00
-5.031648361934633940e+00
-5.033049589607704988e+00
-5.044794901868493220e+00
-5.062077162831278621e+00
-5.066944031735678422e+00
-5.070727462722005363e+00
-5.073409277354555158e+00
-5.082167374125342363e+00
-5.089323899816651675e+00
-5.096142732312668677e+00
-5.097133420533473291e+00
-5.098761707232577933e+00
-5.123193322198307698e+00
-5.136259697271406743e+00
-5.141286037840298917e+00
-5.146768732412816405e+00
-5.169787492650529614e+00
-5.175173977306414486e+00
-5.190505330885908819e+00
-5.200933304480805930e+00
-5.200987360934529846e+00
-5.222131299213550015e+00
-5.229534672577604404e+00
-5.240758337807520206e+00
-5.249355741292489164e+00
-5.270577713146304077e+00
-5.277151360725253149e+00
-5.287214614744037533e+00
-5.290550874314046581e+00
-5.295356449668312315e+00
-5.313060593264092191e+00
-5.313451753678426037e+00
-5.322071697569908721e+00
-5.324183346095295200e+00
-5.326725243560999523e+00
-5.328401840942302847e+00
-5.353424746186796312e+00
-5.362918478812921386e+00
-5.383492031359781826e+00
-5.391985117467372746e+00
-5.396466734694098655e+00
-5.404847738341830521e+00
-5.406121688377709233e+00
-5.435739288845036654e+00
-5.449508237132899779e+00
-5.461401631198611106e+00
-5.467410393151713066e+00
-5.469949806312278007e+00
-5.487147595346483442e+00
-5.496584077444422789e+00
-5.497789556397663979e+00
-5.502394715455054985e+00
-5.520944642046463180e+00
-5.530719853600255753e+00
-5.545212569352274024e+00
-5.546286411429840690e+00
-5.559609203662605026e+00
-5.560537662214636967e+00
-5.561234309191535274e+00
-5.570768697094917954e+00
-5.578031691037852013e+00
-5.579939532359958321e+00
-5.580049105826494937e+00
-5.581995154000193082e+00
-5.594682323171830340e+00
-5.604034073909581970e+00
-5.624099528071505816e+00
-5.639594818691416656e+00
-5.647490094092030510e+00
-5.649645461470499619e+00
-5.651557074322233198e+00
-5.658260185729804270e+00
-5.667315953811051799e+00
-5.676721412984030657e+00
-5.691804082524249075e+00
-5.697075784180667846e+00
-5.697392101443367274e+00
-5.703444714679105410e+00
-5.717884078793124658e+00
-5.719106013078871342e+00
-5.730519319891184793e+00
-5.737323628098558892e+00
-5.740851855205611365e+00
-5.742679708844523390e+00
-5.747630569866557515e+00
-5.755400146873011380e+00
-5.756459508606920572e+00
-5.776091493678912059e+00
-5.789729157065880649e+00
-5.799362919109972481e+00
-5.807631714911849485e+00
-5.813501767551567667e+00
-5.819792843068161581e+00
-5.834337450871077024e+00
-5.838385053728231355e+00
-5.862455539623234735e+00
-5.865416086586699329e+00
-5.869560706505285275e+00
-5.877080185383197097e+00
-5.882189666914752202e+00
-5.895810070157367910e+00
-5.912312336741715413e+00
-5.921318066793042512e+00
-5.925829430793503327e+00
-5.926973113434046425e+00
-5.929774265008208367e+00
-5.934597095625925967e+00
-5.937885276513886978e+00
-5.945045618603415960e+00
-5.950967842741607505e+00
-5.955047295180329492e+00
-5.974552557418678411e+00
-5.979986679572972363e+00
-5.989449611648264060e+00
-5.990792680753742161e+00
-6.025772682631862054e+00
-6.050459513119014865e+00
-6.053054779368468807e+00
-6.060307436484884569e+00
-6.069277661509676847e+00
-6.105126569653967827e+00
-6.105441803285179603e+00
-6.107689133829552475e+00
-6.110720562099810849e+00
-6.119420513207397327e+00
-6.134873990695504986e+00
-6.149808148851739986e+00
-6.151980631577649739e+00
-6.154103532357092732e+00
-6.163932683712036287e+00
-6.166920582077212387e+00
-6.167140785800109271e+00
-6.175578299025831441e+00
-6.192525955680614480e+00
-6.194116596658433949e+00
-6.245095454625466225e+00
-6.282171607259132706e+00
-6.323123382380273050e+00
-6.405353204040403092e+00
-6.414812583846868144e+00
-6.418003901469813144e+00
-6.429372974299334409e+00
-6.442354949401945419e+00
-6.453320501861238512e+00
-6.456568920006128032e+00
-6.476413911508935861e+00
-6.483356038866453730e+00
-6.492454611473388759e+00
-6.592045451125890132e+00
-6.593999870468624458e+00
-6.597050758577017504e+00
-6.597943518142980857e+00
-6.634007012204995668e+00
-6.640959956900349681e+00
-6.660043974212500828e+00
-6.670221180752558432e+00
-6.676232346270741580e+00
-6.684668119891528981e+00
-6.688702015240130194e+00
-6.696701293276343669e+00
-6.698853296150732106e+00
-6.699887075931743929e+00
-6.702848270588341428e+00
-6.713269873470627758e+00
-6.722777063632500827e+00
-6.729253646966625979e+00
-6.736793104107663410e+00
-6.738113307510866790e+00
-6.747396025529202923e+00
-6.749641291684102207e+00
-6.761974133775226825e+00
-6.764437411264870192e+00
-6.767606330209657628e+00
-6.785222235982191208e+00
-6.785490115996465121e+00
-6.836471287519515272e+00
-6.846388420324828417e+00
-6.877037067724706354e+00
-6.877129798268913241e+00
-6.881046895108339001e+00
-6.922838691932430066e+00
-6.926349447360086842e+00
-6.926681723236830734e+00
-6.948430754193957171e+00
-6.958615870190015151e+00
-6.973489456716143842e+00
-6.974364952067270806e+00
-7.009740136457438986e+00
-7.019214000302672396e+00
-7.105214738851589829e+00
-7.115269725304446347e+00
-7.117385579880592950e+00
-7.126250017624683686e+00
-7.148424924741086706e+00
-7.154577057329386314e+00
-7.188021533803977015e+00
-7.200538829606391467e+00
-7.202465413062866695e+00
-7.202680410130183120e+00
-7.208584482550021377e+00
-7.221761835678367270e+00
-7.313886084194827220e+00
-7.314395298102369658e+00
-7.336313240365753607e+00
-7.339859226199743958e+00
-7.347609131847131714e+00
-7.355307712937065645e+00
-7.357979912641325448e+00
-7.368187323343000195e+00
-7.393897440175289049e+00
-7.398265621968916683e+00
-7.402604636706255015e+00
-7.419575595483560271e+00
-7.433262924270072958e+00
-7.447381165057476160e+00
-7.447850453272098825e+00
-7.460174064441743802e+00
-7.464299096802935019e+00
-7.469593907040088965e+00
-7.484183920992324879e+00
-7.506733716937040057e+00
-7.509455033538995572e+00
-7.515910069051204623e+00
-7.516493061132826448e+00
-7.535181597864344383e+00
-7.548055879853273531e+00
-7.574074067999733373e+00
-7.598618284391672972e+00
-7.608725632696318186e+00
-7.609982405622938373e+00
-7.620437157261122252e+00
-7.654691527703074705e+00
-7.657155688489751810e+00
-7.662412318050844107e+00
-7.672148431816389724e+00
-7.696369193885504778e+00
-7.703701380855295433e+00
-7.705734980065776618e+00
-7.712593143721397482e+00
-7.717821282483862788e+00
-7.726518812388829538e+00
-7.741425440752109921e+00
-7.760603877954514118e+00
-7.770623949955973941e+00
-7.771739507034818750e+00
-7.772523275979684954e+00
-7.790947975757187116e+00
-7.802562330233661747e+00
-7.816139894684563494e+00
-7.830672407074003694e+00
-7.833438222736232248e+00
-7.870457642302010726e+00
-7.884585629354424086e+00
-7.898807057266847842e+00
-7.919134846036344655e+00
-7.923787834704262067e+00
-7.929843602563479088e+00
-7.933962194931762468e+00
-7.950511589487283537e+00
-7.950690594829504576e+00
-7.952123721420758073e+00
-7.962726420364815816e+00
-7.963639995412756356e+00
-7.968441174482746803e+00
-7.975319111910746273e+00
-7.992873867279926436e+00
-7.993327633340014060e+00
-8.069982240442509891e+00
-8.090989585826852348e+00
-8.115057676163935696e+00
-8.121045257124634986e+00
-8.162261408388117090e+00
-8.205763970849394795e+00
-8.216728441315570564e+00
-8.230879528014060753e+00
-8.232650366250426899e+00
-8.240263354048614985e+00
-8.247101891104502869e+00
-8.255572772718814178e+00
-8.287144468237451989e+00
-8.308617582850510885e+00
-8.314026490665606062e+00
-8.331173330777350117e+00
-8.349969621084294857e+00
-8.355304564880553286e+00
-8.373105325788431585e+00
-8.384380165441863042e+00
-8.396019046529604068e+00
-8.436283033689651489e+00
-8.446570208681853487e+00
-8.448559029140264798e+00
-8.458414826383569007e+00
-8.460695128371199303e+00
-8.479850543159624721e+00
-8.496307438020489045e+00
-8.497085725981374793e+00
-8.509671844188675394e+00
-8.581481405931191020e+00
-8.589768993810675823e+00
-8.603270718690586349e+00
-8.605567968456250938e+00
-8.623224740886726636e+00
-8.626834140466371537e+00
-8.652713075362644446e+00
-8.696103619198417789e+00
-8.711065714969981499e+00
-8.715391362973868183e+00
-8.720548852392068895e+00
-8.747114050713326705e+00
-8.755842890652907329e+00
-8.760683403272221170e+00
-8.778132414854319165e+00
-8.786463608480866938e+00
-8.803436751327913257e+00
-8.807330997470245393e+00
-8.818118529553490959e+00
-8.870771546439430111e+00
-8.876927256524840715e+00
-8.879662934424889187e+00
-8.920629416658982791e+00
-8.938629776883599831e+00
-8.966147764160515621e+00
-8.977756950602790553e+00
-8.985519320342037375e+00
-9.032537001875827087e+00
-9.062461246352965460e+00
-9.083499918747367730e+00
-9.141806150047637303e+00
-9.142249861922728371e+00
-9.156479592003652357e+00
-9.171733613606976476e+00
-9.178036172588667441e+00
-9.191163071739715917e+00
-9.201509828636263322e+00
-9.202480722566713567e+00
-9.203217415728312645e+00
-9.226153463036721902e+00
-9.246330993577377200e+00
-9.307343122305475447e+00
-9.443778321931143083e+00
-9.445204334646895461e+00
-9.448735629758282073e+00
-9.450815236648780981e+00
-9.509958378604494555e+00
-9.510785671013129772e+00
-9.516773361001998666e+00
-9.534493717175543281e+00
-9.545550670298267093e+00
-9.550409266303466538e+00
-9.563149605431460643e+00
-9.583619913308801586e+00
-9.623972238786787869e+00
-9.632845013568354986e+00
-9.644230324057057047e+00
-9.646848956050773083e+00
-9.652057868704899235e+00
-9.742485566756963422e+00
-9.768461326805121914e+00
-9.785912523238422978e+00
-9.900835919682563713e+00
-9.980847202633913895e+00
-9.981745450367236927e+00
-1.000425807321891547e+01
-1.001863916912752295e+01
-1.002765340916769787e+01
-1.005191526891534615e+01
-1.005710363932586837e+01
-1.005916007001900958e+01
-1.009034960483957377e+01
-1.011935518677437074e+01
-1.018137554459656968e+01
-1.020851549550168613e+01
-1.021525330881264892e+01
-1.028014738806128925e+01
-1.035265104230767363e+01
-1.035288075557144261e+01
-1.042884796875267028e+01
-1.045660438156887473e+01
-1.052628714085289019e+01
-1.054728141582462086e+01
-1.062877108159960748e+01
-1.066511495272961874e+01
-1.067674737796780526e+01
-1.073093641106697405e+01
-1.075149010295102237e+01
-1.075739503291568155e+01
-1.076872593391521171e+01
-1.077272568468303149e+01
-1.079396192958223999e+01
-1.080673387999072332e+01
-1.082474433111408452e+01
-1.083182546334829155e+01
-1.083214193319821206e+01
-1.083515128223798740e+01
-1.084227684285573190e+01
-1.088006780986435196e+01
-1.090779252598077598e+01
-1.094171874086951313e+01
-1.095210981319278787e+01
-1.100009865517963448e+01
-1.100379111016576239e+01
-1.106608079353594043e+01
-1.107643908720302406e+01
-1.109559170902651104e+01
-1.110254280748872091e+01
-1.111310396490813979e+01
-1.111385088522509434e+01
-1.111960796070618684e+01
-1.112970609894825458e+01
-1.117103055563979197e+01
-1.123420086568563292e+01
-1.125069176023944451e+01
-1.129924631834531112e+01
-1.131299047640746203e+01
-1.132595926877684711e+01
-1.135610641746612615e+01
-1.140576716904000243e+01
-1.150422080541951253e+01
-1.155485526738890734e+01
-1.155913439529453335e+01
-1.157160050830077402e+01
-1.158059665463299837e+01
-1.159274800534954863e+01
-1.161987521207045049e+01
-1.167474994307025327e+01
-1.170614002682059862e+01
-1.180312721234151141e+01
-1.181198006383393384e+01
-1.181462820198886376e+01
-1.184685502145968705e+01
-1.187650243667785155e+01
-1.194866756145369990e+01
-1.204946947258780021e+01
-1.209305864713071976e+01
-1.212024630789023938e+01
-1.217966433991205299e+01
-1.219870747130940281e+01
-1.228983904063711741e+01
-1.236639668759143795e+01
-1.243446701529623333e+01
-1.248916308075739323e+01
-1.249222020209407980e+01
-1.255173680096417144e+01
-1.257684900786632731e+01
-1.260196157480447177e+01
-1.268476820049102116e+01
-1.270438087752919820e+01
-1.287089101144646719e+01
-1.291874248363349054e+01
-1.296783247689643126e+01
-1.315089273640329814e+01
-1.321082149479866530e+01
-1.321466126389401730e+01
-1.322146745038677551e+01
-1.324209141639659038e+01
-1.330198877721279338e+01
-1.333664479954232895e+01
-1.343879378826940574e+01
-1.350118513236790108e+01
-1.360213248221669247e+01
-1.361558928557030512e+01
-1.370275202532464398e+01
-1.384047772424811740e+01
-1.401481885968310337e+01
-1.406867342676815369e+01
-1.408290117686258114e+01
-1.414533136186194007e+01
-1.415664096330500499e+01
-1.421202552158025867e+01
-1.426637184522238044e+01
-1.430237809199948806e+01
-1.431266152808159831e+01
-1.433952910423084148e+01
-1.436580712848273933e+01
-1.436864256197383405e+01
-1.464098791265536725e+01
-1.465749792513100935e+01
-1.476902886872831289e+01
-1.491688122985649301e+01
-1.494549892944198000e+01
-1.503776064776443810e+01
-1.504729915230107906e+01
-1.505857927042850086e+01
-1.516387355933624725e+01
-1.535714763573183106e+01
-1.539051080108259306e+01
-1.540206354847113346e+01
-1.556100814152076772e+01
-1.568885345725224845e+01
-1.574522760307566394e+01
-1.578985327870921118e+01
-1.625369649461882915e+01
-1.627622053103800681e+01
-1.649950308814563726e+01
-1.650880039218170481e+01
-1.670377046942268962e+01
-1.757419539007153020e+01
-1.821739720444012889e+01
-1.823974320674621197e+01
-1.849702016207108812e+01
-1.850783054095814606e+01
-2.064802404666843927e+01
