1.990124188909016545e-01
1.732166899620696254e-01
1.546601642389881515e-01
1.355927858035520517e-01
1.353773310938501118e-01
1.350528552116282421e-01
1.313486990644279484e-01
1.288259276685335686e-01
1.278732185627375062e-01
1.255885769150995035e-01
1.254543613489570164e-01
1.238622063918151106e-01
1.232751831766477346e-01
1.226744851564531280e-01
1.226180718127205388e-01
1.220528956576787394e-01
1.182452700792457068e-01
1.181269413484545422e-01
1.167852687662489092e-01
1.160333130373185223e-01
1.159071694725293256e-01
1.150699797299057636e-01
1.143857381746938434e-01
1.140015706129856587e-01
1.137114618703075897e-01
1.131569171079831598e-01
1.127427162790226312e-01
1.127054864854890315e-01
1.119875872314432252e-01
1.104829366614914765e-01
1.101471171000378557e-01
1.101318782403169216e-01
1.097560369147458637e-01
1.092532482844778274e-01
1.088334845296322351e-01
1.085729266295605844e-01
1.066999228877519718e-01
1.066410234526063844e-01
1.063509244404217541e-01
1.061995546760794024e-01
1.057411912764957274e-01
1.055942231370279316e-01
1.038437780427770435e-01
1.038179346303768485e-01
1.037354830066247457e-01
1.036724183100294350e-01
1.033370524529702433e-01
1.032517772914317844e-01
1.029526527490494947e-01
1.026478959727010060e-01
1.025841315821172939e-01
1.025612439412726951e-01
1.019364209583740050e-01
1.009162868120007661e-01
1.008596175816925955e-01
1.006537447580171107e-01
1.004384314187074800e-01
9.994719334196018601e-02
9.994019432532603997e-02
9.942791678956224011e-02
9.933063607593224653e-02
9.928771473878625353e-02
9.917549504340836264e-02
9.830051291634522848e-02
9.795126265978319757e-02
9.693668689328907573e-02
9.666385427090590232e-02
9.638629634684749148e-02
9.636454057072253720e-02
9.630084459159286847e-02
9.627872920872619644e-02
9.589111586630862105e-02
9.562836979027473927e-02
9.540305903591023151e-02
9.538661377004781228e-02
9.518060746185534604e-02
9.508127181906536607e-02
9.487336394384106308e-02
9.471184270571894603e-02
9.467693662076012706e-02
9.458122292047330126e-02
9.431437356813876516e-02
9.429111079875375501e-02
9.406444288465400094e-02
9.393792144752083351e-02
9.392137718139008384e-02
9.367765085817690573e-02
9.359556286861558938e-02
9.333453488434295675e-02
9.332587979889100938e-02
9.331149969666943655e-02
9.316313376055540552e-02
9.304794312006157975e-02
9.301642611467639266e-02
9.300378162790115533e-02
9.288309426053217854e-02
9.265546472502214637e-02
9.263020247934521112e-02
9.245961205631877955e-02
9.245086934776140797e-02
9.232731094366178337e-02
9.211358098528174554e-02
9.187456231112425820e-02
9.170491051120932546e-02
9.169304650040231708e-02
9.162794200942715739e-02
9.086857203314338549e-02
9.073451583204178439e-02
9.069081242934778908e-02
9.025655828010045734e-02
8.998752619580517587e-02
8.994218926222254107e-02
8.979324079488884558e-02
8.927528979893532834e-02
8.921512133530221100e-02
8.900054337709700780e-02
8.878545453858817382e-02
8.871005662847285256e-02
8.868295774582277136e-02
8.846719607119993278e-02
8.846372231781848838e-02
8.826312599126463765e-02
8.825922876031945530e-02
8.814454977213999343e-02
8.794441672202889249e-02
8.774399479558329940e-02
8.768996459837094526e-02
8.764526185856758023e-02
8.761850601742721123e-02
8.746117638089948021e-02
8.735519214558283563e-02
8.734601872648904697e-02
8.725827497021428070e-02
8.692041375520656588e-02
8.688440782064377199e-02
8.665183018021789529e-02
8.663285907907700145e-02
8.661376196986918241e-02
8.641620914671151177e-02
8.611826720143202218e-02
8.594864617226244397e-02
8.589800105649206263e-02
8.586162215164555578e-02
8.583289365187063424e-02
8.580615657069733115e-02
8.556793867212086901e-02
8.515235804238779904e-02
8.505703426764145425e-02
8.483759606459494174e-02
8.467464714212805110e-02
8.464553387269001250e-02
8.431673582369983433e-02
8.383996392349350735e-02
8.377204059842974226e-02
8.372929142004693903e-02
8.353330896550226203e-02
8.341212791422283890e-02
8.325987113561743314e-02
8.325496690410050249e-02
8.324669712535667787e-02
8.321962632018922723e-02
8.318960029229602315e-02
8.310133058486611490e-02
8.308414278912951145e-02
8.298079576961008008e-02
8.256409008292520113e-02
8.253623714418506507e-02
8.243872793479750660e-02
8.230538490907825244e-02
8.202662495260912290e-02
8.200784269446616259e-02
8.199777109451238111e-02
8.199039383440109852e-02
8.173918605037884533e-02
8.154765797736528155e-02
8.154566912058276718e-02
8.141461249659187605e-02
8.135084140671655639e-02
8.124142521408138362e-02
8.124066270515171995e-02
8.114259906958289081e-02
8.107172257573971863e-02
8.064943962837825553e-02
8.055136559182082823e-02
8.052436226256924623e-02
8.049829740124998800e-02
8.040766388980609414e-02
8.033466668904823416e-02
8.032358637463614393e-02
8.031511859076674587e-02
8.027640204284311465e-02
8.024874068397541693e-02
8.019917846331478528e-02
8.017967242568986574e-02
8.015062539885013659e-02
8.011676780176793522e-02
7.981609371228479133e-02
7.968189851189991235e-02
7.956897598854706377e-02
7.951983052867162005e-02
7.946560396893138922e-02
7.915551004181910211e-02
7.876143900178127211e-02
7.860295216033016952e-02
7.831489698414777212e-02
7.810928378667564287e-02
7.808452357461881377e-02
7.808343425759858847e-02
7.806833670531608538e-02
7.798359629059874176e-02
7.797582880644958470e-02
7.795457474032514711e-02
7.776970929174971403e-02
7.764733801153288206e-02
7.747589995800652218e-02
7.732271407502284977e-02
7.729869944514959623e-02
7.722052233612325400e-02
7.714406161697540121e-02
7.689457588112488806e-02
7.676147828739945944e-02
7.660534250113620880e-02
7.657027834989772741e-02
7.656811281293614269e-02
7.652974198312847975e-02
7.642345817122674079e-02
7.634433507205670710e-02
7.625720175577846427e-02
7.625381215084513220e-02
7.621050876039238420e-02
7.617402112721897989e-02
7.605081450098777340e-02
7.604143612013440634e-02
7.599642006253672089e-02
7.598810202583797246e-02
7.587127724752792957e-02
7.585746626406418558e-02
7.574543279791899619e-02
7.572650206953963903e-02
7.561778089743775855e-02
7.545900147381759404e-02
7.543554987585004978e-02
7.533466689010480388e-02
7.520820650466845947e-02
7.506481812878389170e-02
7.495012816447101101e-02
7.489525913924666156e-02
7.489083873051224916e-02
7.484991325914687466e-02
7.483547338598615928e-02
7.470737857228439138e-02
7.469468026077590028e-02
7.465347775340569481e-02
7.463902257327008349e-02
7.458345329626325793e-02
7.449981429531994659e-02
7.442128367299896685e-02
7.432817676254346861e-02
7.431983920316720393e-02
7.417698589002372223e-02
7.389303757001075557e-02
7.383178894519981661e-02
7.373325105716134475e-02
7.367049597882374679e-02
7.364993564612834498e-02
7.360149700834391073e-02
7.359588597009412980e-02
7.349115637755521124e-02
7.347548304902545846e-02
7.344614809193476812e-02
7.341784910104635908e-02
7.341381371354302465e-02
7.340534842593651743e-02
7.339502532305756943e-02
7.338718424970988585e-02
7.331174597771870916e-02
7.306967817507231677e-02
7.304446443679693535e-02
7.300217377213781556e-02
7.298530529310390258e-02
7.285116415493780861e-02
7.273333964272635233e-02
7.267191947859008572e-02
7.262214723415710838e-02
7.256454269853686301e-02
7.255989068828748445e-02
7.255602033635369374e-02
7.251078558020243592e-02
7.249231242886633453e-02
7.248675884337492381e-02
7.246505593032936954e-02
7.219052532603772998e-02
7.215428627595919797e-02
7.210279205629502308e-02
7.210188714466728155e-02
7.205758479172774678e-02
7.204404165109337677e-02
7.192838501966419829e-02
7.189428896804150870e-02
7.182120789158867591e-02
7.173538865597262060e-02
7.164071114649657457e-02
7.163937882571595750e-02
7.162459704365733981e-02
7.156414470746087775e-02
7.146864689868255571e-02
7.142156178677015743e-02
7.138288108841871205e-02
7.127002069407298301e-02
7.120984740161905024e-02
7.120244498015511347e-02
7.111196069368230788e-02
7.110297909217938583e-02
7.095229863598663533e-02
7.095197452916100767e-02
7.090459478567319451e-02
7.086970067858279487e-02
7.077274054374077528e-02
7.073791434570624037e-02
7.070918308824181153e-02
7.066264264696417441e-02
7.063355380684037399e-02
7.061128251136411516e-02
7.055714273586558005e-02
7.051005742036074719e-02
7.050614373143741787e-02
7.048629125437351484e-02
7.048107223325175696e-02
7.040700234383451273e-02
7.038991222863989761e-02
7.029600683546531614e-02
7.025501901665832938e-02
7.025312365949624993e-02
7.018394531592883623e-02
7.017911184203268204e-02
7.015797010053974325e-02
7.012131381380501405e-02
7.004833932598025781e-02
6.995948417056276070e-02
6.994458581806617392e-02
6.991688919746182063e-02
6.987409958511324459e-02
6.985753901533259258e-02
6.981486505755142569e-02
6.976885383184491807e-02
6.966569300894409622e-02
6.962561794073798827e-02
6.950116488912784496e-02
6.949458030686039844e-02
6.933859904001656027e-02
6.932819311407271978e-02
6.928059063477408352e-02
6.908424019228243118e-02
6.878742576302659950e-02
6.878264456300675622e-02
6.869710932835898509e-02
6.865986738629378805e-02
6.864257949529055380e-02
6.861017436832277105e-02
6.856174128527715850e-02
6.849959387151868806e-02
6.842095940858940184e-02
6.839137527062488786e-02
6.836030465902812048e-02
6.834265047031279350e-02
6.828917938869169535e-02
6.821707798719153781e-02
6.820600629717361862e-02
6.820230718233531719e-02
6.814770961043375985e-02
6.814653325429724517e-02
6.811791865043420602e-02
6.802170953671664300e-02
6.792590736460735190e-02
6.789495753007410150e-02
6.787193502764750364e-02
6.786843694791766524e-02
6.779240888493925921e-02
6.778274456725533192e-02
6.773928004735423059e-02
6.734507183968771460e-02
6.729432189175531265e-02
6.729154398881645460e-02
6.727747171484371735e-02
6.721951710074677844e-02
6.717308316285780512e-02
6.716368355199912876e-02
6.716305741520774142e-02
6.714808240598400813e-02
6.704136712474434434e-02
6.698667894429635727e-02
6.698490763921882696e-02
6.696659579271518892e-02
6.694631218100852155e-02
6.685209427874404253e-02
6.683596449285016117e-02
6.679591431338118002e-02
6.676008311097869630e-02
6.673669635743101347e-02
6.661837172495491122e-02
6.661225504227970273e-02
6.652325109100724887e-02
6.647385327922239462e-02
6.627888126572825667e-02
6.620683959145932940e-02
6.617231567161414862e-02
6.609738065049342026e-02
6.607414491134652734e-02
6.590930321541738079e-02
6.582739049865027336e-02
6.582347917747417843e-02
6.573018525001261825e-02
6.571176200113490462e-02
6.569979764111059939e-02
6.569409113535350231e-02
6.566048469182020342e-02
6.563093034596832742e-02
6.555768418430689415e-02
6.553958620710281791e-02
6.553399650614982752e-02
6.553101973006943137e-02
6.535680302962515453e-02
6.529157988433913207e-02
6.526921592193435373e-02
6.516805210894943690e-02
6.515148481269678049e-02
6.498878273352548529e-02
6.498052594189462905e-02
6.488491433007192999e-02
6.484622429647138309e-02
6.484512173583911743e-02
6.484296827244659389e-02
6.478660314015625976e-02
6.466017690952702290e-02
6.464742175352410081e-02
6.462496973266519673e-02
6.461924375283169264e-02
6.448644888592895696e-02
6.441014045676597688e-02
6.437859736537954181e-02
6.424049443571452911e-02
6.424014255969492937e-02
6.423200847232175825e-02
6.417549443389203301e-02
6.413885427241013126e-02
6.411527300097011328e-02
6.409371221690600418e-02
6.406842195026224429e-02
6.404081359309050925e-02
6.399982050200732353e-02
6.399022941678085552e-02
6.396959617377886986e-02
6.396257253138228072e-02
6.395411885554143361e-02
6.389336730357554617e-02
6.384785180504184976e-02
6.376669092089073954e-02
6.374890327924918887e-02
6.374870388882843131e-02
6.369340960921411610e-02
6.366660488140525598e-02
6.355757499605041438e-02
6.350181519142619746e-02
6.345360443927249017e-02
6.343390874842448623e-02
6.340238001888735819e-02
6.339241211290408406e-02
6.332097612345481685e-02
6.329982565924265059e-02
6.329250086088464289e-02
6.329209738820401610e-02
6.327975972121635539e-02
6.316570805823787382e-02
6.313150546218779247e-02
6.311758059999711401e-02
6.309392955525823521e-02
6.306779116780576733e-02
6.303343365128064035e-02
6.300509214594973706e-02
6.296438293487828519e-02
6.293981053239162959e-02
6.293383002794074310e-02
6.291656389263856897e-02
6.286687648340036350e-02
6.284929411366410590e-02
6.271098987466537655e-02
6.270464585674853653e-02
6.269537420529092131e-02
6.267124905750832975e-02
6.264458413399537351e-02
6.260558023909044978e-02
6.259402751742602911e-02
6.248922808593662670e-02
6.246690262587282355e-02
6.238240767294353506e-02
6.234883283215797434e-02
6.228311976586133059e-02
6.222252102532119938e-02
6.212054478500705218e-02
6.202054468913251878e-02
6.199740196158914224e-02
6.199092471513899943e-02
6.197981962668901862e-02
6.197734304336401795e-02
6.188790338411965380e-02
6.187423504358816051e-02
6.180199629855524096e-02
6.175960545433693133e-02
6.166543274550038284e-02
6.163842003511659645e-02
6.163506620920031209e-02
6.162346602122635575e-02
6.157828163286851314e-02
6.152304241028115628e-02
6.139334431540491299e-02
6.135005926704666102e-02
6.134814797631542999e-02
6.127653134677949615e-02
6.122866591685412196e-02
6.121668323000600820e-02
6.121317098216180058e-02
6.117074359423801955e-02
6.115978372917917072e-02
6.114105171139538192e-02
6.105910193581497170e-02
6.101278214059570326e-02
6.094050446775857444e-02
6.091436576737412067e-02
6.090326299500718743e-02
6.086581767499611717e-02
6.082488751584750469e-02
6.079378745446512022e-02
6.078188946857216585e-02
6.072353804633520702e-02
6.071512740288201315e-02
6.070703650407888174e-02
6.064028572163810554e-02
6.060369787817651566e-02
6.056255528870686800e-02
6.053562296215234811e-02
6.045541241890138584e-02
6.044721535422503678e-02
6.039397888692162042e-02
6.037337522711406362e-02
6.036624663799957519e-02
6.032562851580738211e-02
6.027984017089518115e-02
6.027710883165345729e-02
6.025311489326406339e-02
6.015696881235043508e-02
6.007356537018372633e-02
6.006492486763272132e-02
5.996326728926838767e-02
5.994360243986366493e-02
5.988986719015242793e-02
5.981639628398943004e-02
5.973964818121264841e-02
5.971277438014194194e-02
5.965193367472530761e-02
5.959318562214047099e-02
5.952012326649681190e-02
5.951937634280456135e-02
5.945991998981220439e-02
5.940388449329738613e-02
5.939386155800091549e-02
5.939318737750194643e-02
5.933346774926644834e-02
5.932964774324987062e-02
5.931682995606738645e-02
5.928837850350846678e-02
5.928172376500047414e-02
5.925894963615363498e-02
5.918790762690041146e-02
5.912068019843525618e-02
5.911064812854505135e-02
5.905572667311964619e-02
5.902572904033358270e-02
5.899741319117503269e-02
5.899703372330483697e-02
5.892952498985910142e-02
5.887268838658505504e-02
5.886898488611804620e-02
5.886442325055012137e-02
5.882149066171556140e-02
5.878810427525175963e-02
5.875604975327310825e-02
5.867822151376165390e-02
5.864381073430438573e-02
5.853390538104567831e-02
5.848339686401381188e-02
5.838141218896697460e-02
5.837161386692363285e-02
5.837138809916114779e-02
5.834358114077811686e-02
5.831793833517130016e-02
5.828147770677298556e-02
5.821113850870632267e-02
5.815249304603144209e-02
5.812507026456689707e-02
5.810782969581441970e-02
5.808552018568190201e-02
5.797764412859081340e-02
5.793416146134076211e-02
5.792088140049475586e-02
5.790314249943002978e-02
5.788071715267126272e-02
5.783231978411512708e-02
5.780980835747920321e-02
5.774189870260305196e-02
5.766703818433852047e-02
5.766331545776708090e-02
5.753301306897450756e-02
5.752002000273567783e-02
5.746194520302119746e-02
5.745773153271873518e-02
5.743638589135423300e-02
5.738086854204615256e-02
5.738035242849828105e-02
5.733078417099499169e-02
5.729131258620989708e-02
5.723024352430928358e-02
5.722611689473471736e-02
5.709747439897515375e-02
5.705269562434278630e-02
5.703703699043044528e-02
5.692321737542053312e-02
5.692028574322655077e-02
5.691937726218537774e-02
5.690825544148922499e-02
5.688063917734651614e-02
5.687675892357638846e-02
5.687108319570165216e-02
5.678145885904116452e-02
5.677678163799743105e-02
5.677140384302907516e-02
5.675389692042105000e-02
5.671028463615911119e-02
5.669555117093220964e-02
5.664328537786317286e-02
5.662900099469636572e-02
5.658688192309185849e-02
5.658446051339965921e-02
5.651712292943860544e-02
5.642257473032352699e-02
5.642025099011034606e-02
5.638613944809069828e-02
5.638465941796225872e-02
5.634907281000664514e-02
5.628367186745381057e-02
5.627004295104608145e-02
5.625510446722879754e-02
5.617898941946268543e-02
5.615039735525641229e-02
5.614353968816104129e-02
5.609598140254859477e-02
5.607386397561835850e-02
5.589682967048972134e-02
5.578962018611264423e-02
5.576648608645419503e-02
5.569697405233474397e-02
5.567292137676882469e-02
5.566091378061736178e-02
5.564249238779458984e-02
5.563930380710903345e-02
5.562834470767206996e-02
5.562517194163776879e-02
5.559101484003043520e-02
5.557649731765024192e-02
5.554732154469128880e-02
5.553677208034164814e-02
5.550210232970989588e-02
5.546480892456688572e-02
5.546036442231146169e-02
5.545227834449258097e-02
5.544403646792860074e-02
5.544218672325663261e-02
5.540581807180409296e-02
5.536199086509244194e-02
5.535993554833409935e-02
5.534798877322083532e-02
5.534602970942564121e-02
5.531307432511559097e-02
5.528783471761303941e-02
5.528406364551007035e-02
5.524321813686705607e-02
5.524000323014707087e-02
5.519588825853197905e-02
5.516093564532693200e-02
5.515019663883698187e-02
5.514819200438310365e-02
5.507567336893037097e-02
5.504512594196770553e-02
5.502560570476195539e-02
5.502007770548806437e-02
5.499169973079229279e-02
5.491402874068219281e-02
5.488841714723454585e-02
5.488653246134241048e-02
5.488125651984140235e-02
5.481913303505610291e-02
5.475455340236431295e-02
5.474787018151616030e-02
5.472012784137902930e-02
5.469746494709330775e-02
5.461236233177357846e-02
5.454766434904951417e-02
5.454417270029426196e-02
5.454228927359525830e-02
5.450064498510099470e-02
5.448316046443288374e-02
5.447696957857142003e-02
5.447490599367676989e-02
5.444333965013484905e-02
5.434802811077176637e-02
5.429370628253037123e-02
5.427568653958433909e-02
5.424680144105618190e-02
5.424193656751193082e-02
5.423285192091224782e-02
5.421517111679893808e-02
5.416534637243024947e-02
5.416093713736162829e-02
5.415965125608199204e-02
5.415069932727807622e-02
5.411930711195488825e-02
5.409374088997513652e-02
5.406937799294004449e-02
5.401986717318607578e-02
5.401646748974381351e-02
5.401283982221516400e-02
5.400485706644546358e-02
5.398407594708547891e-02
5.397702449405035463e-02
5.397079856876814408e-02
5.396245231103008466e-02
5.394741746504712332e-02
5.393223238490237048e-02
5.391126655448121030e-02
5.390627294814984150e-02
5.390233728415058656e-02
5.389979913890451807e-02
5.384097400499346375e-02
5.381079407193337799e-02
5.377939236856733862e-02
5.375269442115532259e-02
5.369110457019041216e-02
5.367411326205263900e-02
5.364818090503696568e-02
5.360040359756999828e-02
5.353662534139932982e-02
5.350829875342856534e-02
5.343699969265762462e-02
5.343572229841710847e-02
5.339332005323775554e-02
5.339111892798150544e-02
5.339061285489814235e-02
5.335542142207859440e-02
5.333933205413511625e-02
5.332930324690849516e-02
5.332476546250308758e-02
5.327766828121464210e-02
5.327236580366838392e-02
5.319708550164728433e-02
5.319197131641625192e-02
5.303121853017701143e-02
5.300484642963984583e-02
5.292776351375495097e-02
5.288638710262646980e-02
5.287153734012440404e-02
5.284286116876562439e-02
5.283457343118491689e-02
5.278042157562420206e-02
5.277770057824026501e-02
5.277153820470512069e-02
5.272196158296604818e-02
5.271839839626785151e-02
5.270836727256383858e-02
5.269917360482310326e-02
5.268500078538086717e-02
5.267593371113679646e-02
5.260973430438443954e-02
5.260102062639801512e-02
5.258344073381089612e-02
5.256911151423738354e-02
5.252319416282698328e-02
5.252243787704094502e-02
5.244109751770233141e-02
5.237409651940766464e-02
5.236183168223068618e-02
5.235871227690327978e-02
5.235524817664982677e-02
5.233856732109196802e-02
5.231629019463467090e-02
5.230534825850468444e-02
5.228417389560034712e-02
5.227656824018411807e-02
5.226853570568558427e-02
5.219935169808501835e-02
5.217582162890155306e-02
5.213357414697510073e-02
5.212355238960146575e-02
5.205427256977613465e-02
5.204391696007149015e-02
5.201649752539751898e-02
5.200507378306281486e-02
5.195789368489917015e-02
5.181737953693450055e-02
5.180466334100601589e-02
5.179286948519196826e-02
5.177372572956270846e-02
5.174067237714143758e-02
5.164258444447174246e-02
5.162227537138003308e-02
5.159903418601543418e-02
5.151945690313294163e-02
5.148861957461166317e-02
5.148631937732392472e-02
5.144876374844487010e-02
5.142646284293241055e-02
5.138909036942414243e-02
5.138548208483335183e-02
5.135874134683317965e-02
5.135305865522406948e-02
5.134794242577325057e-02
5.133826949232511011e-02
5.132932839843239864e-02
5.132616925920650830e-02
5.132436795195191581e-02
5.131050292627148401e-02
5.130665957886731965e-02
5.130269881858295911e-02
5.128842975680719674e-02
5.127536693743391105e-02
5.124327509304731076e-02
5.120852502166760301e-02
5.105573693256937329e-02
5.105552316154500503e-02
5.100652406027241653e-02
5.098701782653344144e-02
5.096161541624542185e-02
5.094848771364247908e-02
5.094371626566375488e-02
5.094369876304867539e-02
5.093867983027226126e-02
5.093410334027356767e-02
5.092894199945029177e-02
5.088840584815519652e-02
5.087198434124293178e-02
5.086770203633753096e-02
5.086180905636214500e-02
5.085926255205112934e-02
5.084132284974467175e-02
5.082793497308710912e-02
5.082462353316229142e-02
5.081547197241796654e-02
5.080166978218859930e-02
5.077718635904780731e-02
5.076373048564300494e-02
5.075204536733917554e-02
5.073776876725987622e-02
5.067212727648071069e-02
5.063122400122985201e-02
5.062624041676189179e-02
5.061826734867509031e-02
5.059506432120716712e-02
5.059456223450248258e-02
5.059024327749245264e-02
5.057153410743242539e-02
5.054517528871844967e-02
5.053855463248783930e-02
5.053161246927041078e-02
5.050089117513045095e-02
5.048873343293924787e-02
5.048631979277726917e-02
5.047951038161218457e-02
5.047385637411633263e-02
5.047104405106106473e-02
5.045394954047628666e-02
5.041628492788130522e-02
5.038905274495619757e-02
5.038741646707883826e-02
5.038212582120163430e-02
5.035945699722730456e-02
5.035905093781326003e-02
5.035562140755741461e-02
5.029684035720909802e-02
5.029277023332345137e-02
5.027288272501779370e-02
5.025958097731678120e-02
5.024011142537133240e-02
5.023676210963055888e-02
5.020681817239751321e-02
5.019208161358283682e-02
5.017204560166575039e-02
5.014860254535959128e-02
5.014074086723173396e-02
5.011836738557438886e-02
5.010550425860558349e-02
5.002494828777270808e-02
4.999423762177970798e-02
4.991011438672737777e-02
4.987875869386595301e-02
4.987867867156300233e-02
4.986808833976855843e-02
4.982714921227807819e-02
4.982364438299548282e-02
4.982348251803019046e-02
4.980290781926291488e-02
4.979357055418323630e-02
4.976345306950630959e-02
4.975693107374019181e-02
4.974786716605924392e-02
4.974604849934384510e-02
4.973990243479663870e-02
4.972701793732493825e-02
4.964664402922569497e-02
4.961247310525836174e-02
4.959563115946606648e-02
4.958264964687984777e-02
4.956945900328979526e-02
4.956295466220547730e-02
4.950549192597826498e-02
4.945113436315816402e-02
4.945068691676734324e-02
4.944327636076520371e-02
4.942776395382245808e-02
4.939868897295912609e-02
4.937241976874295890e-02
4.935875322691542222e-02
4.926743170776678310e-02
4.925583044273081079e-02
4.924753688992898615e-02
4.924493746271378647e-02
4.924298728274180414e-02
4.922513153068594494e-02
4.920566846068181316e-02
4.919928827887851130e-02
4.917638306018436156e-02
4.917321965321222454e-02
4.914362197630642304e-02
4.909830656044152086e-02
4.907192461924320126e-02
4.904369720249791842e-02
4.902463579360884227e-02
4.902221742009061495e-02
4.899397270493063838e-02
4.895938877655065663e-02
4.894247527334900233e-02
4.894078162470459625e-02
4.893390147421772945e-02
4.889723250031879909e-02
4.888965824103923274e-02
4.888493184217058973e-02
4.884450724440310421e-02
4.880624856383362908e-02
4.874759845707764272e-02
4.873662647412294741e-02
4.873503521220989149e-02
4.872082927239775041e-02
4.871061253902522065e-02
4.870447894470644745e-02
4.868755921994719071e-02
4.868053027320941306e-02
4.867489969562257407e-02
4.862091059864857845e-02
4.858409700088286987e-02
4.851889522535919597e-02
4.848026809686688254e-02
4.846591395502797966e-02
4.845736430305613851e-02
4.845407626995783257e-02
4.845019905626515855e-02
4.844549413723968356e-02
4.843336656460210665e-02
4.841163030922012583e-02
4.840713178533274930e-02
4.839259655814193151e-02
4.838957446148758890e-02
4.835010491504630747e-02
4.834890563536694413e-02
4.832678760926622380e-02
4.828623013704271688e-02
4.827994224116324146e-02
4.822306128815063986e-02
4.818296395190330150e-02
4.817890931264116883e-02
4.817047777492037414e-02
4.816358596965107652e-02
4.815606715218152811e-02
4.814122603921769383e-02
4.813912421739412195e-02
4.813157507332668783e-02
4.812235996593147713e-02
4.808035398119932941e-02
4.806963482581297353e-02
4.801073590147136860e-02
4.798604841849857944e-02
4.795975455246865443e-02
4.794261655892185364e-02
4.792215149830351961e-02
4.789760842532399254e-02
4.789713585050256461e-02
4.787444761565515239e-02
4.786002234799508620e-02
4.784239625839208088e-02
4.783573569240978651e-02
4.782056849085174893e-02
4.781969344178806786e-02
4.780194852744482775e-02
4.778579837202486663e-02
4.778330852795568268e-02
4.777188061148102821e-02
4.775922307092126534e-02
4.773993993038494477e-02
4.772519849592503360e-02
4.771463731881000342e-02
4.771459723696826888e-02
4.771086478686725058e-02
4.769256845286970470e-02
4.767445186076955943e-02
4.766556222852994656e-02
4.766261463900960116e-02
4.763824214568553733e-02
4.761539784945870851e-02
4.760623660919295619e-02
4.756028600295526820e-02
4.755124454913656901e-02
4.752455725566147315e-02
4.749925117625769522e-02
4.747516185966085822e-02
4.745263116530066411e-02
4.745055381957204166e-02
4.741159576850999952e-02
4.739579466736471014e-02
4.738391759769279565e-02
4.736573997238163747e-02
4.734583572801470686e-02
4.731555974331513176e-02
4.730644442886702827e-02
4.730447019784790597e-02
4.727311968844095241e-02
4.727248843361612357e-02
4.727231863290461827e-02
4.726947651249103349e-02
4.726154211687409734e-02
4.725680273214218768e-02
4.723652491617402749e-02
4.722874841876039537e-02
4.719203519652601098e-02
4.718097633506482258e-02
4.716670932990621457e-02
4.713988948889926561e-02
4.713776792866530840e-02
4.709745465245671753e-02
4.708886927105743192e-02
4.708489622679010167e-02
4.698862481074293773e-02
4.698581748010276227e-02
4.692864740817903613e-02
4.691916174708847531e-02
4.690839293503692997e-02
4.686627579764769680e-02
4.685314776509172385e-02
4.682238707292925295e-02
4.677002045770401600e-02
4.675493598194215700e-02
4.675358492864703508e-02
4.673272265893139987e-02
4.672538377749858168e-02
4.672099121910712471e-02
4.670611438088063255e-02
4.669984174305606001e-02
4.668610390640502705e-02
4.667540716267318257e-02
4.667374472714173883e-02
4.665529080152102520e-02
4.665029766827460955e-02
4.660071632878234199e-02
4.659455300086980112e-02
4.659112777168042396e-02
4.656189214472840343e-02
4.656024709577236825e-02
4.655257977597700159e-02
4.653549453077967385e-02
4.652810800885985587e-02
4.652698584607016519e-02
4.652449590538054736e-02
4.650724584205305490e-02
4.649689294645053400e-02
4.649644220192047928e-02
4.647350847563443133e-02
4.645494010229404142e-02
4.644513814869426216e-02
4.644013022903440563e-02
4.643298695723586944e-02
4.642217998548833768e-02
4.642060378847513019e-02
4.641754054862935741e-02
4.638956531461711774e-02
4.638770816445349221e-02
4.637815553283779202e-02
4.637737222284436800e-02
4.635001186666240502e-02
4.632839498604783557e-02
4.631889764567706513e-02
4.631534617156100875e-02
4.630768648762918771e-02
4.623239520125321800e-02
4.621994628755191764e-02
4.621182261327341778e-02
4.620640303706508023e-02
4.619033460221878828e-02
4.618508272999372749e-02
4.616947228212847643e-02
4.615718706301348562e-02
4.614749364938332266e-02
4.614367155701287748e-02
4.612499178026494007e-02
4.612177527877152350e-02
4.612018354050981955e-02
4.611180475714086319e-02
4.607914867879726872e-02
4.607843479620515187e-02
4.607708145302656655e-02
4.606280824472650665e-02
4.605294218141910145e-02
4.605119352818934364e-02
4.604930258680095534e-02
4.604613476911632863e-02
4.604321042573175649e-02
4.604282085674923919e-02
4.604027843732049624e-02
4.604006224456480556e-02
4.603563548279637763e-02
4.603406531617950520e-02
4.603183533939689265e-02
4.603051037098754295e-02
4.602832907384327848e-02
4.602401968320878056e-02
4.601625840946466095e-02
4.599377350812469678e-02
4.598825895679478637e-02
4.597971445435572457e-02
4.597968407320066758e-02
4.597371910361530006e-02
4.596429706131275467e-02
4.596094864738151792e-02
4.592541276246337595e-02
4.590997054151857437e-02
4.590943827706385483e-02
4.590834622095205791e-02
4.590522040298521123e-02
4.589142455224121120e-02
4.585895969749076428e-02
4.584422709154055420e-02
4.584390667397184038e-02
4.583524520184144302e-02
4.583514389387723098e-02
4.583252121686192532e-02
4.581053352239206067e-02
4.580819614614931035e-02
4.579870531493491354e-02
4.576824130762756349e-02
4.575288940970312357e-02
4.574742289579329657e-02
4.573136365511728391e-02
4.572796730346587873e-02
4.572209750604187828e-02
4.571746820165305258e-02
4.566699733920014104e-02
4.564998143040781275e-02
4.564218196234883645e-02
4.563048934484546099e-02
4.559985227269745811e-02
4.559460784578384107e-02
4.559320788151144388e-02
4.558596696022314265e-02
4.558344135000524239e-02
4.557319581843324169e-02
4.556333492450659328e-02
4.556197435823866604e-02
4.554750475000770432e-02
4.553631264277303164e-02
4.552169198085525420e-02
4.551352916874329413e-02
4.550681478698759275e-02
4.549566470841956423e-02
4.548701538606077233e-02
4.543788338828516626e-02
4.540463611129700455e-02
4.539559700918784080e-02
4.539477179234445436e-02
4.537357627415673778e-02
4.533728943784164772e-02
4.533681792479749006e-02
4.531743553000278091e-02
4.531495465725760008e-02
4.531319365008196209e-02
4.530708362940130685e-02
4.530172056327754632e-02
4.526623003900985542e-02
4.525839351211898010e-02
4.524072776906690185e-02
4.523451558965848468e-02
4.522662094655784115e-02
4.521548419306926220e-02
4.521013347818272909e-02
4.520764326411104428e-02
4.520556738779752531e-02
4.519462743572769114e-02
4.517141740359480184e-02
4.513528286406997408e-02
4.513329704101586015e-02
4.512700809116129003e-02
4.512050185865663920e-02
4.511395108450311220e-02
4.510403605711921227e-02
4.508933550076413277e-02
4.508634606446297599e-02
4.507280988408594868e-02
4.507196362702171888e-02
4.504880156442005179e-02
4.502490804859436008e-02
4.501451357057646707e-02
4.499477398172145592e-02
4.498626816830826602e-02
4.498171214722881950e-02
4.497945482027068675e-02
4.497054490392725368e-02
4.496596167802109634e-02
4.494119512363787400e-02
4.490402801866558158e-02
4.489440283084439320e-02
4.489263295382839303e-02
4.488014567903943902e-02
4.486962933567512773e-02
4.486199721847235200e-02
4.485476066571130599e-02
4.485339738945032240e-02
4.484976168322739321e-02
4.484086513661676016e-02
4.480862741935838500e-02
4.480512799053028294e-02
4.477827401461011853e-02
4.477413739624216960e-02
4.476033283798060147e-02
4.474959703094848890e-02
4.474641057279717810e-02
4.473212721698686944e-02
4.473125990337360053e-02
4.472592971221656111e-02
4.470888749700347581e-02
4.469660463749752788e-02
4.469031716036270252e-02
4.467307494521037536e-02
4.466575503907897760e-02
4.463747045278769476e-02
4.463146892283154088e-02
4.462987019236207276e-02
4.462787390658867759e-02
4.459841736875665846e-02
4.459141020419207790e-02
4.457647547788633896e-02
4.457044175617878856e-02
4.456791572279263092e-02
4.456767268811171606e-02
4.456332928338731930e-02
4.455308171500289849e-02
4.454811872542515511e-02
4.454810595626283731e-02
4.452071253486453162e-02
4.451354376096824939e-02
4.451315965369644079e-02
4.451145547575793837e-02
4.450518871967511225e-02
4.449524997024756345e-02
4.449406333011460962e-02
4.447181094948793323e-02
4.446442982741122263e-02
4.445813381712387935e-02
4.444319474968113498e-02
4.443003634589982875e-02
4.442968815904975444e-02
4.442810197686129781e-02
4.442574950849835502e-02
4.441960932335220491e-02
4.440540173710915556e-02
4.439711449369966589e-02
4.439103417032735921e-02
4.438646198160640932e-02
4.438126140334765907e-02
4.437578911275000260e-02
4.433425372175334861e-02
4.432084017767048967e-02
4.431758494861615105e-02
4.429236463329015716e-02
4.428409222178075061e-02
4.428389766873287725e-02
4.427985155215795332e-02
4.427030303232849795e-02
4.425742537703382384e-02
4.424556728018889940e-02
4.424018075556668261e-02
4.423898256661079609e-02
4.422019144734129492e-02
4.421911805049967559e-02
4.421847134367592330e-02
4.420736765736625606e-02
4.420636122132311219e-02
4.419306322151560218e-02
4.417396936953692926e-02
4.417184904109001942e-02
4.415354428771586792e-02
4.415249259335735088e-02
4.410252070290224952e-02
4.409447931316989866e-02
4.408109502594571849e-02
4.406032153458875472e-02
4.406013902131190874e-02
4.405578830709333538e-02
4.405138613457188629e-02
4.404975907314340189e-02
4.404631248584006675e-02
4.403495459008229668e-02
4.403257727556671164e-02
4.402056728539273378e-02
4.401126770623159379e-02
4.399866241026144376e-02
4.399240385714619367e-02
4.398266262088845746e-02
4.395933493664183622e-02
4.395568237977252879e-02
4.395560188993784256e-02
4.394468328215300756e-02
4.394019366477507071e-02
4.393313901713194469e-02
4.391450468001827090e-02
4.390882777588856617e-02
4.390532584851883358e-02
4.389802568011998835e-02
4.389598134246902594e-02
4.387393299140093794e-02
4.386557005265347142e-02
4.385393033755188852e-02
4.385079759900780555e-02
4.384906926577777225e-02
4.384466765413411876e-02
4.383688321343146704e-02
4.383339493286959876e-02
4.382254091100788729e-02
4.381866091010862274e-02
4.381522340140068389e-02
4.381320122560945773e-02
4.380471776202245204e-02
4.380245216507286377e-02
4.378373719955628435e-02
4.377310515796666024e-02
4.375269343477224127e-02
4.375049676093666073e-02
4.374651504045354300e-02
4.374115827269070556e-02
4.372663006997527801e-02
4.371804753207658711e-02
4.370662825186662909e-02
4.370382683504310528e-02
4.370022573378321007e-02
4.369690817467268562e-02
4.367882159625569027e-02
4.366075210506869392e-02
4.363615786382331330e-02
4.363467000919074579e-02
4.360646827554420790e-02
4.359744716821609134e-02
4.359171250795213642e-02
4.357990769227369776e-02
4.356933663652579752e-02
4.356066383833261807e-02
4.355999976647233901e-02
4.355560353151429615e-02
4.353986004693104206e-02
4.353331027175372236e-02
4.353056509441330379e-02
4.348900586879823893e-02
4.346302411746802430e-02
4.344593967862266787e-02
4.342853005349354978e-02
4.341751823286685297e-02
4.341375681658434654e-02
4.340219866160321960e-02
4.339914082438448006e-02
4.339170209799307620e-02
4.337707245789325372e-02
4.337516733995791518e-02
4.337090607497849637e-02
4.337025152976478615e-02
4.337010957700535019e-02
4.336827358554328632e-02
4.336742453178703272e-02
4.336474421967037585e-02
4.335411700940960261e-02
4.334033016301890029e-02
4.333787461413762809e-02
4.333564901616133308e-02
4.333431249945013386e-02
4.332690404148954039e-02
4.332177451457508432e-02
4.331276847335715358e-02
4.330563718954680286e-02
4.329625495549113690e-02
4.329589468712276290e-02
4.326246193585814304e-02
4.325545998433633077e-02
4.325476758430879531e-02
4.325157561005896212e-02
4.322767307459522701e-02
4.322335884074555989e-02
4.321061606738985095e-02
4.320887329896869189e-02
4.319920703133502821e-02
4.319401489494034685e-02
4.318725573316540417e-02
4.318552224082697344e-02
4.318551446394183063e-02
4.318440760134872880e-02
4.318051846834029817e-02
4.317831131992092702e-02
4.317048279710403169e-02
4.316200825033032068e-02
4.315477172213467300e-02
4.315052503611824242e-02
4.312534998932628788e-02
4.312183730407435911e-02
4.311920338026220545e-02
4.311584354657309326e-02
4.309485224691442240e-02
4.307294339280956508e-02
4.306647720424156001e-02
4.302687587101067246e-02
4.302327943077211697e-02
4.299976481214590890e-02
4.298154257586506155e-02
4.296761960150726617e-02
4.296240015083277464e-02
4.294824753154558028e-02
4.293680566681058047e-02
4.292875898392893574e-02
4.292695460144189956e-02
4.292093545254457160e-02
4.291915390599757019e-02
4.290155142898915974e-02
4.288188674898738006e-02
4.288065401191520215e-02
4.288030765627579011e-02
4.287942447430615617e-02
4.286862584696829459e-02
4.285936598142082998e-02
4.284949827474072992e-02
4.284725780390938321e-02
4.284540257365432314e-02
4.284320152072384341e-02
4.283338282470360026e-02
4.282590700797465899e-02
4.282204725230602527e-02
4.281621738843829211e-02
4.281137530596675761e-02
4.280781154275254546e-02
4.277056145134648657e-02
4.276792680422479564e-02
4.276598400888408091e-02
4.276293667509963731e-02
4.275218713601624393e-02
4.274913672421394584e-02
4.272904674004292247e-02
4.272045593155604504e-02
4.271626617610849164e-02
4.271536312884671033e-02
4.270009682435191301e-02
4.269857382085444353e-02
4.269753578477771677e-02
4.269084088293173540e-02
4.265845965352858815e-02
4.265683510785078097e-02
4.264008587244478427e-02
4.263193165674510759e-02
4.262205623105095459e-02
4.261911458559641125e-02
4.261385366524073071e-02
4.259993458860984739e-02
4.258969723980877281e-02
4.257544948451752465e-02
4.257245293575315226e-02
4.257089178231777959e-02
4.256800206637601641e-02
4.256203262789257785e-02
4.254663337787473187e-02
4.254157142510293921e-02
4.253878931198113583e-02
4.253648837003295297e-02
4.252814954565631994e-02
4.252439891162208829e-02
4.252030006852137306e-02
4.251942839573080030e-02
4.251285489367988973e-02
4.249493455371777806e-02
4.248875417813091637e-02
4.247925001665615874e-02
4.246329068498080894e-02
4.245347476010892518e-02
4.243080267637207303e-02
4.242417177730668787e-02
4.242308322151758238e-02
4.240248560874462780e-02
4.240041528699363405e-02
4.238061026795660741e-02
4.237526594991292139e-02
4.237283012453695041e-02
4.237278516905090830e-02
4.235442304757613269e-02
4.234333333481277856e-02
4.232958458980856653e-02
4.230555845571744300e-02
4.222955382767876881e-02
4.218565204248742040e-02
4.217634521426736477e-02
4.216442395612037680e-02
4.215794543436061914e-02
4.214081338479661737e-02
4.213772863386738149e-02
4.213131269840354048e-02
4.212079323072547010e-02
4.211640106651873272e-02
4.209729472420305207e-02
4.207229916784473861e-02
4.206370573747969521e-02
4.206054317715360313e-02
4.204459248390587933e-02
4.200970444126219533e-02
4.198792901044401393e-02
4.198284948212764600e-02
4.196460106471551488e-02
4.195709549874158950e-02
4.195449239761619986e-02
4.195115379794510380e-02
4.194880700344869734e-02
4.193574324094027916e-02
4.192856626715672080e-02
4.190917642247093261e-02
4.190565552007956968e-02
4.190541918626902035e-02
4.190391359261278620e-02
4.190226612255516792e-02
4.190070472368304794e-02
4.189778751539881274e-02
4.188992628935257756e-02
4.187160600943096861e-02
4.186515551037733873e-02
4.185768370352961620e-02
4.185032107744105639e-02
4.184960885526892854e-02
4.184700225341998758e-02
4.183935523084645475e-02
4.183283657295949753e-02
4.183244735822967686e-02
4.183119596181038291e-02
4.181998553774869676e-02
4.181422092193178008e-02
4.181353182683897329e-02
4.180395304456807626e-02
4.179818509619977196e-02
4.178795651675210054e-02
4.176881850886070974e-02
4.176804236589003877e-02
4.175353128360836941e-02
4.175305124108015520e-02
4.175002475098053834e-02
4.174031689080155705e-02
4.173024655044751952e-02
4.172838158298287220e-02
4.172683423602924213e-02
4.170247962194993663e-02
4.169992145535665606e-02
4.169841878587841194e-02
4.169360157576247616e-02
4.169239505656804207e-02
4.168767985776293539e-02
4.168352059446629732e-02
4.168212820422782794e-02
4.168148908246725737e-02
4.168077146005877420e-02
4.167081547639327199e-02
4.165760212178003935e-02
4.165756102663174115e-02
4.162986165078079448e-02
4.162749586978279487e-02
4.162677689693081856e-02
4.162321009985475023e-02
4.161456434774618574e-02
4.159298671951963677e-02
4.158954023310804105e-02
4.154402608966119292e-02
4.154217612042401114e-02
4.154146323071128410e-02
4.150268092315605867e-02
4.150154267394738639e-02
4.149983459897226001e-02
4.149747770029760252e-02
4.149371634568182338e-02
4.147247028052339357e-02
4.146905712978107839e-02
4.146852737282497037e-02
4.146095193240502408e-02
4.145990407701077851e-02
4.142593639262580341e-02
4.142307648043494495e-02
4.141231133206508402e-02
4.138677264806988471e-02
4.138443047396394431e-02
4.137325811284624233e-02
4.137180043840489596e-02
4.136538581132988279e-02
4.136165981355580806e-02
4.135516272083175626e-02
4.134929620126437388e-02
4.134312356272612510e-02
4.132896712493638880e-02
4.130700560692645434e-02
4.130427561005073356e-02
4.129734582118754077e-02
4.129587836118299438e-02
4.129530689143386113e-02
4.129205110152157909e-02
4.128553236259408649e-02
4.128171461528865049e-02
4.127527968087692234e-02
4.127405616322202264e-02
4.126895205016617441e-02
4.126186830890321566e-02
4.125758893452664833e-02
4.122191301627425863e-02
4.121888099637451702e-02
4.120962108330954859e-02
4.119815053420845113e-02
4.119199357396215871e-02
4.118760690332494423e-02
4.118475165981156511e-02
4.118031312386134790e-02
4.117597218163714101e-02
4.117266828288791009e-02
4.116289402245048440e-02
4.116161452375934754e-02
4.115964127001708883e-02
4.114994030858906693e-02
4.113404978540265849e-02
4.112572738008065526e-02
4.110281755010507937e-02
4.109921362290323843e-02
4.109622695008770948e-02
4.109613792216074146e-02
4.108927006286935968e-02
4.108092799450399624e-02
4.107784128078916658e-02
4.107587063148789019e-02
4.105574954148333983e-02
4.105227187654502535e-02
4.104465494066754372e-02
4.104298229008301185e-02
4.103665912258398080e-02
4.103494992012961251e-02
4.102328944740064876e-02
4.102325674453106974e-02
4.100107929751989344e-02
4.099181822880734044e-02
4.098860642636900642e-02
4.098819927840235966e-02
4.097155627054724358e-02
4.096101736543798777e-02
4.095552062526636172e-02
4.095017613722426453e-02
4.094911531815577377e-02
4.094737241772640479e-02
4.094731154102768111e-02
4.094649830486724734e-02
4.094591745898788770e-02
4.093865103618227197e-02
4.091632859736285543e-02
4.091437024335237149e-02
4.090211247654158139e-02
4.089329762382169081e-02
4.089147460364758041e-02
4.089131498751830823e-02
4.089006035270536382e-02
4.088714790563968693e-02
4.087427186979047944e-02
4.086955895933176708e-02
4.086935359795722256e-02
4.086895879286360500e-02
4.086055640483557405e-02
4.085742370618526687e-02
4.085653306064328250e-02
4.084833250597103005e-02
4.084796788758841835e-02
4.084740562869895730e-02
4.084344481497333146e-02
4.084035178526040921e-02
4.082692879430063065e-02
4.082363477269543295e-02
4.081120084902507134e-02
4.080533616644721473e-02
4.080465324275969058e-02
4.080119792026446618e-02
4.080071164539907785e-02
4.079758539462972899e-02
4.075784551637968989e-02
4.075464275342997877e-02
4.074217809183992844e-02
4.073703591370637922e-02
4.072675205531013642e-02
4.072172441811243437e-02
4.071654070467672915e-02
4.071308386057958389e-02
4.070394074932589396e-02
4.068717357879187563e-02
4.067054567902469997e-02
4.066026887408760726e-02
4.065123040714994918e-02
4.064742977145711922e-02
4.063180482072235866e-02
4.062587797666400435e-02
4.061552274638331739e-02
4.059965856146414975e-02
4.058296957065618549e-02
4.056960045592376829e-02
4.056560457073822568e-02
4.056222620410585705e-02
4.055302261803659519e-02
4.054706579708805547e-02
4.054679084421217161e-02
4.054306926300874775e-02
4.053431979964815940e-02
4.052138901029699036e-02
4.051788398912287842e-02
4.051406928617553443e-02
4.050453549109742091e-02
4.050322764788878704e-02
4.049458282085550281e-02
4.048522754377176930e-02
4.048476998878399596e-02
4.047947951566535640e-02
4.045918090808198198e-02
4.045544654227776343e-02
4.043348292543404165e-02
4.042007894686049096e-02
4.040943386623919997e-02
4.039416175257411201e-02
4.038109316052484327e-02
4.037697758310170720e-02
4.037080753222446750e-02
4.036871147662247916e-02
4.036685436976171493e-02
4.036372120847729617e-02
4.036200229472225454e-02
4.033865946397064556e-02
4.033430768327674054e-02
4.032417123433382211e-02
4.031898378650528025e-02
4.031337424268750802e-02
4.031004896111605590e-02
4.030800800113767957e-02
4.030689810479078095e-02
4.030631585766731445e-02
4.028395730246205064e-02
4.027794102212819971e-02
4.027651246017704273e-02
4.027477542979288061e-02
4.026973681266104998e-02
4.026015161228989336e-02
4.026005235256933240e-02
4.025874319591763589e-02
4.023957526400963325e-02
4.023382253609614212e-02
4.022396079796197732e-02
4.021228033512160710e-02
4.020762417785352788e-02
4.020024190687505883e-02
4.019969650287263246e-02
4.017390233351524065e-02
4.016944339624783922e-02
4.016794152883317037e-02
4.014362527928060087e-02
4.013692168882204009e-02
4.013418915716698843e-02
4.011870842619159189e-02
4.011286693846770335e-02
4.010219535409431657e-02
4.009817408204672390e-02
4.009022026209410616e-02
4.005867195658623092e-02
4.005823902510995127e-02
4.005413045099696923e-02
4.005304419567554119e-02
4.004075450203163633e-02
4.003637326910714639e-02
4.003053126711519222e-02
4.001711106120235673e-02
4.000286648343953644e-02
3.999976738269270249e-02
3.999860072597941074e-02
3.998266145676083322e-02
3.998185170551243894e-02
3.996949750200438911e-02
3.994619204733197704e-02
3.991382820766327388e-02
3.991360601362307914e-02
3.990570413146918294e-02
3.990187505825443237e-02
3.989579185028296893e-02
3.985684972534590809e-02
3.985547400078660873e-02
3.985347896753963642e-02
3.984371961136164153e-02
3.982237604016727883e-02
3.982099259583923856e-02
3.981527823668033761e-02
3.981111327898070179e-02
3.981047549964285281e-02
3.979325743559135320e-02
3.978859467117527859e-02
3.977463608991288480e-02
3.977311536983609702e-02
3.976895251277488830e-02
3.976610906696196462e-02
3.976319037603477657e-02
3.975601429756046856e-02
3.974694801704556357e-02
3.974466232067234983e-02
3.974121085471726128e-02
3.971197619260215250e-02
3.969951026922532294e-02
3.968806116165517206e-02
3.968466053841649549e-02
3.967906601094539631e-02
3.966128730566140931e-02
3.962057522505933738e-02
3.961992336790849667e-02
3.961659040063578163e-02
3.960408094259811052e-02
3.959302734432472437e-02
3.958002136675337068e-02
3.957978333348867450e-02
3.957361247402974014e-02
3.957307715609456600e-02
3.956022503166166382e-02
3.954528343691252057e-02
3.954458191174087950e-02
3.952706212115811996e-02
3.952346589465655785e-02
3.951836033573551121e-02
3.951664526832880664e-02
3.950802567454457515e-02
3.949339424815233313e-02
3.949249367284538709e-02
3.948980116818538721e-02
3.947664030737062235e-02
3.947549109063271111e-02
3.941084135762280838e-02
3.940776648694923473e-02
3.940535595636959765e-02
3.940247880524561791e-02
3.938550844389659966e-02
3.938469145471311383e-02
3.937086417353197199e-02
3.935800221110759278e-02
3.934807369847144465e-02
3.932676445175416202e-02
3.931899746968438303e-02
3.931714313797306237e-02
3.931220793577672179e-02
3.930593896768230788e-02
3.928904570331047397e-02
3.927598192288291046e-02
3.926632951711284819e-02
3.926356603924068683e-02
3.924733715955023433e-02
3.924563104598913221e-02
3.924439864545798545e-02
3.924067962819408756e-02
3.923845520152455246e-02
3.923741719318457610e-02
3.922935254016403361e-02
3.922788716053005748e-02
3.922544704290980427e-02
3.921727598118435187e-02
3.921018509707716038e-02
3.920353452452678827e-02
3.918279890093191720e-02
3.917354266959448272e-02
3.916249001108607769e-02
3.914782549795458449e-02
3.913608849508455612e-02
3.913359797429901560e-02
3.912600751285776751e-02
3.912399274621114476e-02
3.912138597729473977e-02
3.911674779504022148e-02
3.911534104918140686e-02
3.909123357178917457e-02
3.908975305733143613e-02
3.906980761959209791e-02
3.906528676235256070e-02
3.905736252378069762e-02
3.904135966979267736e-02
3.903086847355043826e-02
3.902444515433872718e-02
3.901111494603431984e-02
3.901075966564658548e-02
3.900921385248971168e-02
3.900150670268727471e-02
3.899873428930257513e-02
3.898832919321498780e-02
3.897747876684481971e-02
3.896937430672219038e-02
3.896326102410024861e-02
3.895984029669670445e-02
3.895911549827962839e-02
3.895260988577028960e-02
3.893215973494715959e-02
3.892873540952805633e-02
3.892816208509154718e-02
3.892616256021970422e-02
3.892253932598995630e-02
3.890381275257968896e-02
3.889416722772834345e-02
3.887426815188833873e-02
3.885198405172245184e-02
3.884960686782205908e-02
3.884714510901098039e-02
3.884188139751015845e-02
3.884062419325692156e-02
3.883379094828156436e-02
3.883148757338408807e-02
3.881515224466246944e-02
3.880924667211353707e-02
3.880369791784366723e-02
3.879821832167467538e-02
3.879592235028947456e-02
3.878729669602091340e-02
3.877844162010295193e-02
3.876571978892506820e-02
3.876128669928238790e-02
3.875641697122786389e-02
3.875529922073165517e-02
3.874933405067478021e-02
3.873135259380811046e-02
3.873013351447483765e-02
3.872668609708447562e-02
3.872264106820257762e-02
3.872164397924368617e-02
3.871839421398690084e-02
3.871727720529379024e-02
3.871260093953758641e-02
3.869739300636220597e-02
3.868194201255931164e-02
3.868108830014689581e-02
3.867999073038223823e-02
3.867210427067208078e-02
3.866821951940212221e-02
3.866710244113098771e-02
3.865363937026052715e-02
3.864396935222533247e-02
3.863162258863228615e-02
3.861073223128680398e-02
3.859098088423883882e-02
3.858556284757485438e-02
3.858146752420937853e-02
3.858084943635062963e-02
3.856893633483986228e-02
3.856593292199452655e-02
3.855560612709373058e-02
3.854571112338256444e-02
3.854543733645308945e-02
3.853883612161777134e-02
3.853688959165572220e-02
3.853242280911221146e-02
3.852843551428716123e-02
3.852839905577622182e-02
3.852414019586621052e-02
3.852409965363952360e-02
3.851462961326695966e-02
3.850442992470845538e-02
3.849154922179971738e-02
3.847466633495978672e-02
3.846777296282344327e-02
3.846320774649927832e-02
3.844794776139347919e-02
3.842716657817485393e-02
3.841306204234615218e-02
3.841249782540492874e-02
3.840963537035189251e-02
3.840380525679223944e-02
3.839267475975620403e-02
3.838685393040176114e-02
3.835966477845115935e-02
3.835940326661392563e-02
3.835855905039610436e-02
3.835222436097950049e-02
3.834977877136221125e-02
3.834082117527159300e-02
3.831559462253579518e-02
3.830577005830340664e-02
3.825865706695136259e-02
3.825493007535693546e-02
3.825194033083748751e-02
3.825037172215606934e-02
3.824818843106038424e-02
3.824609373508730537e-02
3.823860946101521885e-02
3.823377364385711907e-02
3.821565179687484715e-02
3.821515577092909899e-02
3.821366875110380340e-02
3.821261766357195166e-02
3.821019433591940628e-02
3.820872888912279358e-02
3.820711527737456759e-02
3.820632353662747199e-02
3.820525186097645937e-02
3.820244926389355922e-02
3.819958347688777456e-02
3.819812182155721270e-02
3.818840694651159939e-02
3.818688546181153026e-02
3.818362402403600170e-02
3.818248739488013660e-02
3.817464075584614536e-02
3.817396454432174513e-02
3.817201191529596971e-02
3.816324763664458164e-02
3.814380431056985099e-02
3.812047116330614938e-02
3.811332668876679652e-02
3.810614668366880953e-02
3.809477014167304137e-02
3.809472635979768013e-02
3.809436185745289360e-02
3.807258976629826486e-02
3.806899912360500043e-02
3.806473691525340264e-02
3.804289626742490826e-02
3.803552532629115440e-02
3.803178333265107985e-02
3.802019566008472962e-02
3.801191282691922246e-02
3.800977811080523405e-02
3.800402960559735172e-02
3.797617424761849658e-02
3.796974744010331304e-02
3.796135944491156600e-02
3.795453194683792719e-02
3.793364924670192956e-02
3.793085573379615522e-02
3.792253543981136815e-02
3.792032094661334368e-02
3.789401652877687210e-02
3.789084999836866280e-02
3.788560647443186408e-02
3.788418782963545034e-02
3.787921501090381338e-02
3.787175485190658747e-02
3.785575881594226144e-02
3.785180051927254652e-02
3.785033853412418658e-02
3.784837746186680424e-02
3.784608424173378782e-02
3.784420875333810441e-02
3.784195405938239887e-02
3.783339285720882517e-02
3.783163062933873888e-02
3.783138297984640908e-02
3.782512135782334362e-02
3.782484744844473445e-02
3.780397364637980151e-02
3.780054785492646674e-02
3.778758251940653179e-02
3.778680246050125646e-02
3.775248560096026995e-02
3.773506861439686333e-02
3.773029743590530088e-02
3.771850805620137470e-02
3.771804668874797345e-02
3.771586612673254180e-02
3.770610029263977980e-02
3.770371760158434948e-02
3.770262477692783165e-02
3.770235903627029012e-02
3.770044902372340911e-02
3.769854818520633477e-02
3.769489909054387494e-02
3.769050407713751827e-02
3.765584741522851053e-02
3.765490800110232045e-02
3.764316863766310750e-02
3.763840532999554456e-02
3.761826793446766681e-02
3.761687577479982947e-02
3.761409994384788680e-02
3.759779705877180217e-02
3.758576760444481968e-02
3.758012949681700104e-02
3.757373678402805423e-02
3.757247063973859907e-02
3.756513939302408983e-02
3.755343466550880444e-02
3.753767484882589156e-02
3.753219628423584697e-02
3.752773165367319363e-02
3.752534213558259002e-02
3.752372118955030200e-02
3.751399897568060554e-02
3.751089436059507065e-02
3.750907908499560850e-02
3.750099263887618495e-02
3.749748762594490997e-02
3.748880567059954816e-02
3.748075499677842870e-02
3.748057170475896371e-02
3.747650726619196349e-02
3.745117334756445371e-02
3.744830573970988480e-02
3.744643590162501090e-02
3.744011368486289959e-02
3.743871326747574835e-02
3.743788859211705927e-02
3.743785590956363180e-02
3.743421545701108855e-02
3.742856766096222532e-02
3.741166751700925747e-02
3.739422671851097557e-02
3.739101669881333967e-02
3.738906440776449541e-02
3.737659069782037213e-02
3.737641613351582598e-02
3.737509714811181050e-02
3.737392272732314308e-02
3.737238279059484913e-02
3.736791216897086820e-02
3.736578370132052213e-02
3.736097431837008542e-02
3.736080619025019395e-02
3.736039004043928413e-02
3.736006926422304891e-02
3.735870027542986110e-02
3.735786614367293118e-02
3.734654860640493346e-02
3.734543779801868801e-02
3.734217973836814752e-02
3.733070682844760735e-02
3.730877147238541996e-02
3.730661868457980923e-02
3.730406236622090671e-02
3.730371826224041648e-02
3.729455516100376594e-02
3.728517159668467973e-02
3.728048695628344983e-02
3.727141819349670537e-02
3.726064851349490670e-02
3.725149831875487066e-02
3.723690057306879714e-02
3.723649735792755600e-02
3.723127014793638917e-02
3.722584450394626071e-02
3.722238863709073642e-02
3.720851099410131535e-02
3.720639047743844879e-02
3.720373128935307305e-02
3.719768208981483887e-02
3.719767693567879729e-02
3.719358082278866051e-02
3.718821269829022946e-02
3.717913429397826097e-02
3.717385555691841981e-02
3.716788875899323941e-02
3.715951639050173866e-02
3.715810656718716160e-02
3.714998269388872926e-02
3.714191326831092765e-02
3.713343450707282112e-02
3.712795217115980734e-02
3.712631815808153934e-02
3.711879174813019489e-02
3.710807088859988112e-02
3.710103779998169538e-02
3.709803714767456739e-02
3.709640705488380374e-02
3.709545643756789746e-02
3.709519131796558400e-02
3.708228437022800111e-02
3.708099226363623796e-02
3.706767108139755879e-02
3.706606027733590214e-02
3.706373502294137839e-02
3.705816718556740469e-02
3.705341766607506138e-02
3.704795451096370984e-02
3.703038107613890184e-02
3.701931043820053113e-02
3.700777739952913759e-02
3.699954405993395590e-02
3.698916244872908765e-02
3.696673765460968542e-02
3.696389560730506396e-02
3.694663747098822504e-02
3.693413883897074534e-02
3.691110088264751982e-02
3.689230590406520488e-02
3.689051113484811267e-02
3.688638881200327624e-02
3.688057860829638268e-02
3.688046496299688531e-02
3.687326614076259779e-02
3.686978337276255319e-02
3.686835132799763659e-02
3.685963097836682939e-02
3.685568722476702253e-02
3.684814959147168778e-02
3.684808846175537805e-02
3.684739728727595698e-02
3.684466507806656577e-02
3.684127350432582493e-02
3.683698389007442758e-02
3.682894111250978320e-02
3.682504670255533352e-02
3.682110247523748964e-02
3.679974783731973509e-02
3.679756825243279267e-02
3.679597228013989363e-02
3.679054899507038651e-02
3.678995642478684325e-02
3.678683913433279662e-02
3.678471325575717599e-02
3.676291632741305465e-02
3.674800160655685571e-02
3.674579950615097096e-02
3.673331756094435491e-02
3.671769018517722499e-02
3.671759165704391314e-02
3.669788013754476941e-02
3.669550458205501214e-02
3.669272262175965471e-02
3.668050556542516716e-02
3.665595026206945606e-02
3.665188059685770688e-02
3.664791762151000526e-02
3.664114811757356732e-02
3.664030683086486745e-02
3.663825497107546514e-02
3.663689794186583693e-02
3.661249767386456910e-02
3.659887975280042005e-02
3.659863270311478067e-02
3.659408430847915783e-02
3.658998352711913260e-02
3.658363571510722667e-02
3.657919467174629291e-02
3.657837781913013397e-02
3.657780166249600950e-02
3.657446614454420292e-02
3.657438748528477751e-02
3.657202509922248546e-02
3.655177318344583065e-02
3.654447159935297201e-02
3.654279626664094782e-02
3.653633500463609324e-02
3.653506215762988840e-02
3.653034573171988486e-02
3.652750923347129058e-02
3.650663477101906418e-02
3.649213078865358451e-02
3.648064921817156803e-02
3.647909899811747902e-02
3.647743411468992031e-02
3.647121429140248727e-02
3.647087600522082307e-02
3.646862567516163250e-02
3.645863450013776819e-02
3.644543225455915830e-02
3.644122468641625145e-02
3.640693049788713831e-02
3.640256029493370293e-02
3.640251177090440826e-02
3.639769204783377399e-02
3.639578353871856381e-02
3.639469527408654287e-02
3.637744208788197542e-02
3.637639592304223179e-02
3.636970813584923523e-02
3.636866844929537157e-02
3.636621604323879431e-02
3.634526803945199724e-02
3.633816535551889770e-02
3.632971130730337783e-02
3.632709871402495239e-02
3.630850081015495057e-02
3.630203173910655223e-02
3.629716669061866519e-02
3.627868363093474102e-02
3.627005179310303223e-02
3.626924919135599001e-02
3.626857530766255944e-02
3.626419234686685533e-02
3.626310052272552209e-02
3.624801816824142764e-02
3.624696319880062884e-02
3.623116148267264969e-02
3.621585847364794386e-02
3.619799895147766955e-02
3.619703314490847756e-02
3.619542823018790517e-02
3.615420015635558565e-02
3.613626575160852616e-02
3.612924420188174529e-02
3.612837582830530359e-02
3.612074555833980072e-02
3.611519167911671213e-02
3.611458972635735176e-02
3.610028445339727443e-02
3.609891612893166568e-02
3.608811275878535257e-02
3.606031943113072180e-02
3.605381982381885425e-02
3.604819573356930762e-02
3.604169030242188043e-02
3.603863189834156933e-02
3.603702929112330422e-02
3.603458147310586307e-02
3.603434673708088426e-02
3.603294014582147931e-02
3.602532646510278602e-02
3.602277374192633386e-02
3.601970530578412627e-02
3.600690535376906837e-02
3.600519007065321186e-02
3.600436232373557810e-02
3.600034426355473716e-02
3.599517644210249029e-02
3.597733362419972686e-02
3.594455980034595710e-02
3.594375301441979365e-02
3.593656284576643434e-02
3.592431339702249760e-02
3.589577618104065199e-02
3.588678372031861574e-02
3.587311663260508987e-02
3.586847934407205729e-02
3.586478330626197142e-02
3.586406586658592160e-02
3.585833258377466026e-02
3.585231168670877794e-02
3.584569156496120179e-02
3.582956385742770700e-02
3.582750794175896397e-02
3.581736917177039126e-02
3.581571832338302508e-02
3.580574042115539785e-02
3.578757710195230174e-02
3.577861789580860652e-02
3.577616323786871749e-02
3.576828281515095909e-02
3.576525103460179156e-02
3.575881581787432317e-02
3.575802729038585898e-02
3.574930401991960327e-02
3.574069320732990718e-02
3.573957195998012093e-02
3.573372741441963735e-02
3.572933151015440789e-02
3.572229655408069859e-02
3.571902625940050896e-02
3.571719743583610246e-02
3.570673683460988401e-02
3.569492158643656349e-02
3.569114861007936790e-02
3.568722115876929446e-02
3.568719941423938169e-02
3.566518490655721380e-02
3.566311170241700385e-02
3.563829603933073992e-02
3.563772255207779682e-02
3.560830733022881528e-02
3.559994492986150172e-02
3.558424955547386664e-02
3.557633205769304696e-02
3.556006143646316120e-02
3.555930481570898638e-02
3.554945541942440557e-02
3.554759652976026418e-02
3.554389136931015991e-02
3.553952980007008683e-02
3.552372342959014134e-02
3.551852103606606414e-02
3.550370028553784252e-02
3.549158403683765062e-02
3.549113088010054373e-02
3.548776965920164700e-02
3.548648315434509842e-02
3.548388306619113669e-02
3.545437102229619802e-02
3.545309970143421807e-02
3.545183869827703976e-02
3.545125717166426604e-02
3.545006205396807747e-02
3.543782851802021461e-02
3.543181360221469428e-02
3.542633016447856859e-02
3.542452175019708549e-02
3.542443353477556928e-02
3.541365829502321483e-02
3.540526228199225578e-02
3.540450907996496588e-02
3.539486499520637375e-02
3.539033101354528699e-02
3.537986295223612132e-02
3.537923148678247948e-02
3.536351671526400536e-02
3.535829682714343447e-02
3.535441080638063865e-02
3.535372800736836379e-02
3.532693701253949992e-02
3.531626922072158420e-02
3.531419903109955793e-02
3.531181522099925002e-02
3.530284568020794489e-02
3.529718446960772305e-02
3.529306671278820140e-02
3.529110675034786981e-02
3.528534308991813917e-02
3.527121805896923229e-02
3.526918130541362162e-02
3.526182528091603707e-02
3.525972480551474442e-02
3.525339105098704989e-02
3.525261901738642456e-02
3.525130501711607606e-02
3.524788647681925680e-02
3.522988619670856109e-02
3.521803652371432308e-02
3.521302814633186368e-02
3.520688209870632968e-02
3.520658875710845626e-02
3.520233987270333237e-02
3.519195086479821877e-02
3.518106656036908142e-02
3.516890820828813546e-02
3.514559337824216256e-02
3.512173074477434320e-02
3.511875800637030698e-02
3.511519559396329010e-02
3.511313892308448592e-02
3.511292975709254249e-02
3.509272243399010061e-02
3.508446356288471429e-02
3.507375136238194413e-02
3.506853680638263859e-02
3.505889435167522383e-02
3.505284043840739550e-02
3.504461579091200374e-02
3.503651173783352279e-02
3.502661083330453617e-02
3.502642256800043985e-02
3.501784957643705454e-02
3.500447387749422434e-02
3.499405128505089085e-02
3.498528113369547832e-02
3.497804066924827676e-02
3.497615828286061712e-02
3.496559408393695029e-02
3.495812730140444857e-02
3.495537496009445272e-02
3.493817586158774746e-02
3.493153347403459702e-02
3.493142130023234315e-02
3.492331365236472224e-02
3.492285719113469994e-02
3.491853629213378940e-02
3.491492265041895582e-02
3.491352708092975571e-02
3.491027204165733644e-02
3.490731935317504392e-02
3.488637280489526038e-02
3.487538635418891558e-02
3.485848016583791009e-02
3.485530733439945461e-02
3.484643461148674570e-02
3.482188893116446027e-02
3.479564530439543252e-02
3.478834183630124394e-02
3.477496429727922056e-02
3.474865021533878745e-02
3.473531535824203598e-02
3.473053544055663966e-02
3.471949876205655816e-02
3.468303607369762481e-02
3.467971565456420130e-02
3.467457528212767454e-02
3.467381018887138316e-02
3.466561127192038100e-02
3.466197985128018771e-02
3.466038410956696209e-02
3.465492615257607933e-02
3.464855523700829248e-02
3.462557681953412625e-02
3.462498316388751968e-02
3.460245146521462312e-02
3.458582312198597852e-02
3.457295701494413759e-02
3.455934922279177424e-02
3.454371089808400824e-02
3.452533980021864346e-02
3.452387381117107829e-02
3.450631645002414510e-02
3.449994006071142871e-02
3.448354430774167728e-02
3.447783372742420360e-02
3.447375569133777351e-02
3.447124342064486480e-02
3.446544442242985284e-02
3.445407889536177687e-02
3.442375602078567159e-02
3.441547955374453516e-02
3.441240971924458547e-02
3.440978189365486578e-02
3.440024986548215202e-02
3.439844919461085282e-02
3.438960485607914924e-02
3.438567862552727866e-02
3.438550786365285328e-02
3.438336021699611722e-02
3.438040433679295099e-02
3.438031299257171547e-02
3.437896160504883697e-02
3.437876680003146973e-02
3.435458673127137624e-02
3.434918010186727849e-02
3.432253627018166248e-02
3.431832288545721976e-02
3.431524001000316876e-02
3.430308885895439613e-02
3.429842819108042812e-02
3.429309341009198486e-02
3.428791860062533475e-02
3.428308153685251380e-02
3.427359236316517704e-02
3.427011343202623211e-02
3.425871854094882096e-02
3.423375903893662725e-02
3.422875895250514222e-02
3.421243618268651060e-02
3.420993501103208878e-02
3.420016245764805757e-02
3.418282886561850586e-02
3.417979484219785952e-02
3.417527480310977167e-02
3.414009271626475966e-02
3.413127407815452069e-02
3.413004605560502475e-02
3.412818822651933481e-02
3.412659749797175568e-02
3.411685550827750490e-02
3.411490225535282472e-02
3.410408289224339806e-02
3.409021266676998813e-02
3.408642288119959063e-02
3.406604174348379366e-02
3.405621975598845802e-02
3.402600662795302738e-02
3.402248583641755142e-02
3.401888089047201691e-02
3.401443866313030862e-02
3.401346153156666052e-02
3.399973936226241555e-02
3.399347986699120805e-02
3.397899755451427167e-02
3.397058235732851317e-02
3.396809874521194983e-02
3.394466660814685066e-02
3.394089824510122116e-02
3.393724993770241838e-02
3.390705711784551546e-02
3.388334119047516774e-02
3.387474309076895368e-02
3.385481202941444112e-02
3.384819550390048143e-02
3.384209021612211848e-02
3.383060834929912941e-02
3.382410424626901974e-02
3.381825946602882993e-02
3.380623092686269732e-02
3.378458933759112548e-02
3.375732722695345966e-02
3.375645125850765260e-02
3.373783911921614947e-02
3.373706388085965374e-02
3.370835459079365992e-02
3.370057137786788143e-02
3.369621207415339492e-02
3.368815002844347678e-02
3.368165792876357673e-02
3.367402661859489332e-02
3.367356807761896775e-02
3.366747911964853429e-02
3.364222285955086739e-02
3.361650263904251978e-02
3.360394720114417283e-02
3.359930990028553444e-02
3.357253955956871622e-02
3.356573111176695823e-02
3.356521723687777570e-02
3.356178102507721694e-02
3.354958336001359620e-02
3.354655058162174519e-02
3.352976564048106012e-02
3.351082585644677564e-02
3.350908072322147935e-02
3.350386776989006804e-02
3.349707058406373172e-02
3.349672255311963304e-02
3.347769568833734721e-02
3.347164570312440024e-02
3.345982161818687739e-02
3.345222741897580648e-02
3.342582312363089059e-02
3.342249905695370699e-02
3.342037522810494682e-02
3.341740982596357046e-02
3.340323877474571379e-02
3.339926149412780765e-02
3.337870430810395417e-02
3.335529556306682242e-02
3.334605397530814724e-02
3.334390166200259381e-02
3.333562589075192428e-02
3.332995562022408875e-02
3.332363638805238559e-02
3.331771322656680578e-02
3.331537475111327057e-02
3.330175370679433478e-02
3.329127153356607749e-02
3.328916177725686071e-02
3.328421750274675184e-02
3.326521877982530073e-02
3.325145951865813437e-02
3.324926364478698187e-02
3.324840948365565679e-02
3.323883784413624032e-02
3.323856982917085950e-02
3.323671513664795685e-02
3.323664846410075147e-02
3.322820907054156725e-02
3.322816915339640159e-02
3.321997684989012184e-02
3.321682624516090337e-02
3.321657088422874660e-02
3.321594866740258667e-02
3.319713845767733457e-02
3.314017930409852986e-02
3.313565196444238914e-02
3.312741721524974092e-02
3.310820100827442658e-02
3.309573772852675982e-02
3.309103327738711908e-02
3.308076260734669344e-02
3.307961992862941403e-02
3.306941174080843537e-02
3.303781983372207354e-02
3.303464610172051480e-02
3.303010592968072534e-02
3.301840384322319438e-02
3.301199467618609606e-02
3.301077026710591555e-02
3.300143720470601755e-02
3.299268754599960635e-02
3.298337377521154412e-02
3.297575686680611490e-02
3.296530362286986815e-02
3.296290015531468803e-02
3.295918030241339058e-02
3.295446043855619622e-02
3.294407251601835784e-02
3.293488294535709682e-02
3.293117221451332538e-02
3.292495371923841174e-02
3.292273533273115671e-02
3.288292315494945051e-02
3.286855591098210294e-02
3.286854413352696680e-02
3.280990327278801577e-02
3.280727805108632489e-02
3.280581918157392252e-02
3.280067471802018686e-02
3.279536936585054907e-02
3.277446837798986962e-02
3.276804748939456113e-02
3.276515604084886263e-02
3.275540767490774108e-02
3.275455897256157600e-02
3.271230344778966459e-02
3.264679839742345990e-02
3.263932554882029158e-02
3.262733327049844451e-02
3.261452262174881211e-02
3.260241355462693835e-02
3.259888269457573290e-02
3.257096106299834509e-02
3.255417038571206678e-02
3.254540919891622808e-02
3.254242017870205561e-02
3.252700347815438986e-02
3.252201473456530628e-02
3.251323697803955304e-02
3.250284132504663304e-02
3.250066701783697887e-02
3.249350590967331476e-02
3.247260966870002541e-02
3.244448572887527471e-02
3.241457681506543925e-02
3.240818236141377456e-02
3.240432175464539460e-02
3.240206317204543524e-02
3.237142261549653954e-02
3.236495640953322706e-02
3.236363671436774669e-02
3.236248111782208392e-02
3.235655238686094975e-02
3.234489412599042546e-02
3.234144895185669250e-02
3.233817579100745770e-02
3.233273513279504019e-02
3.233058905972188701e-02
3.232403216736329243e-02
3.232293809483228336e-02
3.230808641813666393e-02
3.230480689798017474e-02
3.229998543530828575e-02
3.229995916229706776e-02
3.227833092069666565e-02
3.227303154861080325e-02
3.227227772150583623e-02
3.226380089814068208e-02
3.225607474346310621e-02
3.224919349111111944e-02
3.224315814776694544e-02
3.222970944430045281e-02
3.222339555391969673e-02
3.222237995987968506e-02
3.219587821135424383e-02
3.218209951490961368e-02
3.217543783435627969e-02
3.216987301942160482e-02
3.215799395314720283e-02
3.215274067916421008e-02
3.214987960753488971e-02
3.213851391956153158e-02
3.213053047584442379e-02
3.212995736268216274e-02
3.212130816960784285e-02
3.209779803384523594e-02
3.209453057010078908e-02
3.207859358025404173e-02
3.205256487842140373e-02
3.204400477236658135e-02
3.204073154327447687e-02
3.203242895104956717e-02
3.203189018212827810e-02
3.203039112684414463e-02
3.202471239728738733e-02
3.201430232805527187e-02
3.201284665519632533e-02
3.200108528847397937e-02
3.199620190345296017e-02
3.199303838270192019e-02
3.198005871471808897e-02
3.196411473245343304e-02
3.196293826879834099e-02
3.194804687797877379e-02
3.194700892099158057e-02
3.194648894343496415e-02
3.193311044122452980e-02
3.191876435538013729e-02
3.190779436885880782e-02
3.189152541216187797e-02
3.186773947381426469e-02
3.186630521496192081e-02
3.186543390259508057e-02
3.185713195226523575e-02
3.184782890586834031e-02
3.184580170425212881e-02
3.182514560280461091e-02
3.180104768514399605e-02
3.179205984090797965e-02
3.178096448834932808e-02
3.177715152314727204e-02
3.176009038526485945e-02
3.173161624223377192e-02
3.169842357194638249e-02
3.168269720960943669e-02
3.167206234665626008e-02
3.167125986372792273e-02
3.164146931779341504e-02
3.163388989557104625e-02
3.163353178694887358e-02
3.161193884627397366e-02
3.157651783253306171e-02
3.154753353982213404e-02
3.154590419549892916e-02
3.154179830293532549e-02
3.154083451870293153e-02
3.153848586145894389e-02
3.151083365368952116e-02
3.149825688447276811e-02
3.148129255365052226e-02
3.146539980696124589e-02
3.144725097209531695e-02
3.144331050117571413e-02
3.142343071890084383e-02
3.142225793226278985e-02
3.141923138278006344e-02
3.141541808599547514e-02
3.140741779428281311e-02
3.139089244662908451e-02
3.139027395060329378e-02
3.138104519775577333e-02
3.137573492093526095e-02
3.137283844629383533e-02
3.136599298090667759e-02
3.135662325256771688e-02
3.135138512535700500e-02
3.134477502902310170e-02
3.133282561183169806e-02
3.132724106856612373e-02
3.131186493148940125e-02
3.129873395380047135e-02
3.128661689064810014e-02
3.128515227962652689e-02
3.127665183363752266e-02
3.127163208493927149e-02
3.125756147889306724e-02
3.125709860433993625e-02
3.124966294678960602e-02
3.122145040255250997e-02
3.121582837640731953e-02
3.117148233095887525e-02
3.117135726095890749e-02
3.116516800944491017e-02
3.116315817935663007e-02
3.115891645038905075e-02
3.115731479917231705e-02
3.111564663356324381e-02
3.111478450453729686e-02
3.109460057299700403e-02
3.107927078055801318e-02
3.107249779925962824e-02
3.107145972943845327e-02
3.105656529535023164e-02
3.103403881905375181e-02
3.102931703350563647e-02
3.102716328543151172e-02
3.100572197579654077e-02
3.098522582963315550e-02
3.098112605414384685e-02
3.097417349423900110e-02
3.096447549549678074e-02
3.094880674994036560e-02
3.094730339435028746e-02
3.094612893583858354e-02
3.092256787124321102e-02
3.091462504695154101e-02
3.091345002939007575e-02
3.090760905867787067e-02
3.090302021732649340e-02
3.089357208694670440e-02
3.088546527620240900e-02
3.088497160881534948e-02
3.088260795523964028e-02
3.086779831744419084e-02
3.086087714645033980e-02
3.085346932867354466e-02
3.085344418012776757e-02
3.084427533696555007e-02
3.082718456408078955e-02
3.081080742737173431e-02
3.080988359594205236e-02
3.079681997919279934e-02
3.079565828546047823e-02
3.079304394233389058e-02
3.079053838908391016e-02
3.078076618888917274e-02
3.077994574999405250e-02
3.076466006295074454e-02
3.076059213324688207e-02
3.075812899272265324e-02
3.074690723140276888e-02
3.073389821467573460e-02
3.073379452983416096e-02
3.071815284133056975e-02
3.068857280832652107e-02
3.066571940060688201e-02
3.066173479943956268e-02
3.064722888914176921e-02
3.063683826369138427e-02
3.062182311110448960e-02
3.062096979129632843e-02
3.062039537584001006e-02
3.061838688167051528e-02
3.061286984922606536e-02
3.059713374961200300e-02
3.059308523088814791e-02
3.059189117365121793e-02
3.059183976062521820e-02
3.057232131566395977e-02
3.057214852416242912e-02
3.057184318034876502e-02
3.056688150136710469e-02
3.056419081352629297e-02
3.055857037053422501e-02
3.054441996499005982e-02
3.054396354602515601e-02
3.050527751540078880e-02
3.049789260786519782e-02
3.047704759887665676e-02
3.045736425790356028e-02
3.045308243170033458e-02
3.041783152413228553e-02
3.038697662239544378e-02
3.037003164027338165e-02
3.036588233420647875e-02
3.035462445213013560e-02
3.034273842417924139e-02
3.033106062041965312e-02
3.032564672823305149e-02
3.030704606383725214e-02
3.027926455210405016e-02
3.027863767351524765e-02
3.023908789354794527e-02
3.021770283860563538e-02
3.020154985904809422e-02
3.018527508814645988e-02
3.017871043300694375e-02
3.016489972328433716e-02
3.015004499842232483e-02
3.013240110919419151e-02
3.012575295227278710e-02
3.010580997162310563e-02
3.007917006770178397e-02
3.007130094662500627e-02
3.006806941186167259e-02
3.005738474823456061e-02
3.005488160531721506e-02
3.005447807233706248e-02
3.005395030367075809e-02
3.004677385464026018e-02
3.001479991871517511e-02
3.001136855019639893e-02
3.000508633681907289e-02
3.000483697822275975e-02
2.999961246684977600e-02
2.999227068915049851e-02
2.999109183278675372e-02
2.998849699157543972e-02
2.996326352205908039e-02
2.995142666419441796e-02
2.994275458200139350e-02
2.992218839048122261e-02
2.991334437934162899e-02
2.990024635277201137e-02
2.988719741390424844e-02
2.987348484685034208e-02
2.984009579327534523e-02
2.983426384842168683e-02
2.983397995245178069e-02
2.983176809831081244e-02
2.981033567208921792e-02
2.980731660709921155e-02
2.979504959776459183e-02
2.979282450269101282e-02
2.978415347698901150e-02
2.978216943052324275e-02
2.978154263963607093e-02
2.978115168687017755e-02
2.976183630680311401e-02
2.975428645929025992e-02
2.975288305171857120e-02
2.968756499648862388e-02
2.967176532621786100e-02
2.966885525740876189e-02
2.964230056485246678e-02
2.962817062919378963e-02
2.962201915736078009e-02
2.959802814789710274e-02
2.957856907316425144e-02
2.955079868391173592e-02
2.954309285089645395e-02
2.954024134140609964e-02
2.953211266222596776e-02
2.953170084780575022e-02
2.952570563781699992e-02
2.951614302063079037e-02
2.950844737030054038e-02
2.947741360759005558e-02
2.946467851771216936e-02
2.944069919458318710e-02
2.944024561966921555e-02
2.941616317653785936e-02
2.939153873518622270e-02
2.938036859207950394e-02
2.936146173983149310e-02
2.935737209887642751e-02
2.935655790154680089e-02
2.934334801975438042e-02
2.933116800575529676e-02
2.932013426304260970e-02
2.931531914341913014e-02
2.929493499180606947e-02
2.927496567555552820e-02
2.926847697224524425e-02
2.925039457811180396e-02
2.924737161453942746e-02
2.924535750959842556e-02
2.920166975624413630e-02
2.919349878556193670e-02
2.919142291828084879e-02
2.918728873161181153e-02
2.915898514307828718e-02
2.914098835112216915e-02
2.914004591339532102e-02
2.913396886288835766e-02
2.911389584988831325e-02
2.911196932433571943e-02
2.909801119020082039e-02
2.907922529308272497e-02
2.907241480301718875e-02
2.905492569355035137e-02
2.905293498858189591e-02
2.903503302902053773e-02
2.903190231491477313e-02
2.901805120189112491e-02
2.901172742269206989e-02
2.900884004656636636e-02
2.900177640863285319e-02
2.899541167732099661e-02
2.899501001822852447e-02
2.897800343794636538e-02
2.896966392913054300e-02
2.895977344023153294e-02
2.895451215906258771e-02
2.895136502652270391e-02
2.893377872253080976e-02
2.893209698610070546e-02
2.892526352762028394e-02
2.890905922555327134e-02
2.889809791425905494e-02
2.888433421218507963e-02
2.887472061518769895e-02
2.887065904549715456e-02
2.884253254198848940e-02
2.880914306505354822e-02
2.877652136612305483e-02
2.876519983665198205e-02
2.875340506443557764e-02
2.873860923877347151e-02
2.870662787756917550e-02
2.870048476667252935e-02
2.867978734782815342e-02
2.866403826361686724e-02
2.865796011840254440e-02
2.863373548860859846e-02
2.860215807227281526e-02
2.858504197473999558e-02
2.857376060418400504e-02
2.857068172979529419e-02
2.857037868553014351e-02
2.856911384994353584e-02
2.856120663631695270e-02
2.854942038333692367e-02
2.854940115847450638e-02
2.854222809372496811e-02
2.854022303702642704e-02
2.852984977578863421e-02
2.851269262864610313e-02
2.851222700145041380e-02
2.849695969401450785e-02
2.848416286829384692e-02
2.847172971492789931e-02
2.846954948698585119e-02
2.846300990099589340e-02
2.844463808368611138e-02
2.841919198786028999e-02
2.841706226727947274e-02
2.838520651601562222e-02
2.837919573703295145e-02
2.837167360372195440e-02
2.835434176676505241e-02
2.835003785105796523e-02
2.833769727183129208e-02
2.832543222966272395e-02
2.830225155576769624e-02
2.830053686603594548e-02
2.829160311001064493e-02
2.828643707506473676e-02
2.828529751139706103e-02
2.828391315389040817e-02
2.825379502721994673e-02
2.822946998193131066e-02
2.821722506070717396e-02
2.820900679611256651e-02
2.820401622100179514e-02
2.818912765451269883e-02
2.818850303697753579e-02
2.816184882293466460e-02
2.811585927193642476e-02
2.811068690244230422e-02
2.809822722026735636e-02
2.809034926266511592e-02
2.808093202115312034e-02
2.807129890768907468e-02
2.806162206400924369e-02
2.805471308731798813e-02
2.805226094072160031e-02
2.804734953700687566e-02
2.804048015149562811e-02
2.802392209245131022e-02
2.801944588058201055e-02
2.801545709977359619e-02
2.800751432929532089e-02
2.800012757370937827e-02
2.800009680282252930e-02
2.799529449764126543e-02
2.796986821088741360e-02
2.795973241170887982e-02
2.791455806605275605e-02
2.791342241718634473e-02
2.791340270880304786e-02
2.789660264730649958e-02
2.789565076479727165e-02
2.788419060106498565e-02
2.786905213808341802e-02
2.786843412888980603e-02
2.784942859407749105e-02
2.783853023642395008e-02
2.783736730843571275e-02
2.783529033978408493e-02
2.782872603737607947e-02
2.781884207858451030e-02
2.780803554387517237e-02
2.780492327145330650e-02
2.779480756985901885e-02
2.778820277516445142e-02
2.778738330076982455e-02
2.778573022703502426e-02
2.778506392920406659e-02
2.775715834375204472e-02
2.771028067960364105e-02
2.770077423435798186e-02
2.769979968625368993e-02
2.769267272898733728e-02
2.769052651049435168e-02
2.766212501778733679e-02
2.763893982210841732e-02
2.762992444113683554e-02
2.760760094413756971e-02
2.758560831029841301e-02
2.758435086057106980e-02
2.757459512998551576e-02
2.757317099749402589e-02
2.756890574496120849e-02
2.756103629057946383e-02
2.755934446544131000e-02
2.755862981302591164e-02
2.753708095680174051e-02
2.753298701657570444e-02
2.752744682458984835e-02
2.751715162662552935e-02
2.750892648169478427e-02
2.750715571694574424e-02
2.745691775425011805e-02
2.742967581760424878e-02
2.742904078706240312e-02
2.742180443297995845e-02
2.741070717716202060e-02
2.741028773242032771e-02
2.739798258415138132e-02
2.738967250920141053e-02
2.738867621746008535e-02
2.738185330154198696e-02
2.735022309306830296e-02
2.733872651903899303e-02
2.732821836237984969e-02
2.730197450747855886e-02
2.729453242471273702e-02
2.726446081661468984e-02
2.725460073895711460e-02
2.723028039635574243e-02
2.718904887876257351e-02
2.718802891670166894e-02
2.718708320597091818e-02
2.716649684362487660e-02
2.713576884664519254e-02
2.713017215145618194e-02
2.712627271108111054e-02
2.712190746191497914e-02
2.711711328476893584e-02
2.711322990096210611e-02
2.710326751219756247e-02
2.709664688943822647e-02
2.709510024407833437e-02
2.709355874388035684e-02
2.705806337022256466e-02
2.705564679824208965e-02
2.704473529444732793e-02
2.702968113395485400e-02
2.702779829059981376e-02
2.701430201615935209e-02
2.700200752992669082e-02
2.698056683494735181e-02
2.697778936656824306e-02
2.697105702124583462e-02
2.696145165715001929e-02
2.695381187191011815e-02
2.694709152178430267e-02
2.693427903770153828e-02
2.693070312238518907e-02
2.692558106073675295e-02
2.691944043315256177e-02
2.689921555886330001e-02
2.689537963840646015e-02
2.686983028496009451e-02
2.686583330890091742e-02
2.685984502860243664e-02
2.685607206914470205e-02
2.685593086355829440e-02
2.683239597730791709e-02
2.683146839193543964e-02
2.682013703261133808e-02
2.681445680794838915e-02
2.679992552130863043e-02
2.679750037996636580e-02
2.679441237707497550e-02
2.679233432476949006e-02
2.674645690833515194e-02
2.673757540259288218e-02
2.673644109545474101e-02
2.672398285710029034e-02
2.672259481252770019e-02
2.668832677829427805e-02
2.668729356858965188e-02
2.668094346797566380e-02
2.665264113219757008e-02
2.661720236456091918e-02
2.659349490843654004e-02
2.658344832548531836e-02
2.657042012792022040e-02
2.656583915460750470e-02
2.655283350875525458e-02
2.654615932768442793e-02
2.653893919119013414e-02
2.653607918249922815e-02
2.653167672125861937e-02
2.652876921765623397e-02
2.651488336394005468e-02
2.649640960817042576e-02
2.648562862897292647e-02
2.647416572218224545e-02
2.645764658401892483e-02
2.644570081694036165e-02
2.644332207269108406e-02
2.642443555771287200e-02
2.641605047990568458e-02
2.637751035945295336e-02
2.636918663811189598e-02
2.636023798226382053e-02
2.633764242038559578e-02
2.633611012713974603e-02
2.632439373235227753e-02
2.631190936965623756e-02
2.630886135241677914e-02
2.630596319005677058e-02
2.629447849218203084e-02
2.629402691382211332e-02
2.626885979472261268e-02
2.626138012243444536e-02
2.624290295345802285e-02
2.624169475678726771e-02
2.623521493826867432e-02
2.621219942985844598e-02
2.620015656409559190e-02
2.619559461458416741e-02
2.618431834436326516e-02
2.617141208696875318e-02
2.614569025963811577e-02
2.614433625806727307e-02
2.614273461332746948e-02
2.613658161860113807e-02
2.613602598393496498e-02
2.612387319410485950e-02
2.611213569897941414e-02
2.606325123936926655e-02
2.603463475019496959e-02
2.601555120293218976e-02
2.597959907010645442e-02
2.596831106855894411e-02
2.596775009862745121e-02
2.596761473476191448e-02
2.593936713818787571e-02
2.593858432354693641e-02
2.593549329850241073e-02
2.593347010798232460e-02
2.590578913305036785e-02
2.590461753662633843e-02
2.590208780199389216e-02
2.589444006946024085e-02
2.584517280515203144e-02
2.583674199523543907e-02
2.583615272609314159e-02
2.582720660728984527e-02
2.582704506773799216e-02
2.576646010119471378e-02
2.573512196236968363e-02
2.572513846326675638e-02
2.571856522047541449e-02
2.571700520033462153e-02
2.571595458645876617e-02
2.571062786342541429e-02
2.571025770592866300e-02
2.566973489863948188e-02
2.565962548730555542e-02
2.564453837985942661e-02
2.564302571663377300e-02
2.561953209526974737e-02
2.560681322687623565e-02
2.559084635018752177e-02
2.558980405290068108e-02
2.556333860797484550e-02
2.551038175150198081e-02
2.548381591659985845e-02
2.548234127421106568e-02
2.547140974697642557e-02
2.546008966946180022e-02
2.545432778714643365e-02
2.545368560607330632e-02
2.545104267401979148e-02
2.543030195871054736e-02
2.542033317882156154e-02
2.540267462918604016e-02
2.540127738964164175e-02
2.539773988705640306e-02
2.539419659343828198e-02
2.537011334767329263e-02
2.534936404241572988e-02
2.533086967473328552e-02
2.529758248166985232e-02
2.529339438351043551e-02
2.528790620795225846e-02
2.527914338137840500e-02
2.525157795694318863e-02
2.524842853546015523e-02
2.522708283389458322e-02
2.522436908103741632e-02
2.521062873813001426e-02
2.520111185329528686e-02
2.518828714525004134e-02
2.518057941311297593e-02
2.517006871094539661e-02
2.514852682427351147e-02
2.514506076463736070e-02
2.513758911915746005e-02
2.510164350163301972e-02
2.509346969388909915e-02
2.508697204128013114e-02
2.504251799061147504e-02
2.503051623178333129e-02
2.502591120733183711e-02
2.500429749315780451e-02
2.499013333384273242e-02
2.498364362351238391e-02
2.496143973405980099e-02
2.495450824398231376e-02
2.495314444035889867e-02
2.493766669687037113e-02
2.493766074468285049e-02
2.492877363295068274e-02
2.492295662327972602e-02
2.490310011440024021e-02
2.487786472508419361e-02
2.487765244547560095e-02
2.487181363417092020e-02
2.481422803220302217e-02
2.481060675278182887e-02
2.479977004596773185e-02
2.476840422307341472e-02
2.475079979903039781e-02
2.474116102273010362e-02
2.473024093508393445e-02
2.471743271237676967e-02
2.471295493389315603e-02
2.470686702741613922e-02
2.470609799050035166e-02
2.469811334383129053e-02
2.468924191920159744e-02
2.468788940548418895e-02
2.468200709479113908e-02
2.467971451419902207e-02
2.462247180766808166e-02
2.462036013490108075e-02
2.460552754563638533e-02
2.455550586397052537e-02
2.454845713651109679e-02
2.453786392833918334e-02
2.453706501849846691e-02
2.453220752792640083e-02
2.452014012588955155e-02
2.451872236635477958e-02
2.450627185277807693e-02
2.448205291629408642e-02
2.447929700993060897e-02
2.446930589673287915e-02
2.446735167607016689e-02
2.446087323348178355e-02
2.444443012957185982e-02
2.443184819983078987e-02
2.440595361415811432e-02
2.440539175095600768e-02
2.436652905006296901e-02
2.435264960718823077e-02
2.432170136345604763e-02
2.432041937514842211e-02
2.431028104674098217e-02
2.430801745269762018e-02
2.429823691320322915e-02
2.428436523223881024e-02
2.427837827044419805e-02
2.426678837408155487e-02
2.425957468914091697e-02
2.422176607844318472e-02
2.422063337076734227e-02
2.421910066743452467e-02
2.420928720999743558e-02
2.419001176784278673e-02
2.418493478547620312e-02
2.418316323825140182e-02
2.418131873042731958e-02
2.417518683107594199e-02
2.416299736321388808e-02
2.415997593169418728e-02
2.415892819690692445e-02
2.413251782060595041e-02
2.411236175986106872e-02
2.409990929229057638e-02
2.409475672743372279e-02
2.407666121073894633e-02
2.406583018343699115e-02
2.406471215106704281e-02
2.404983167731674504e-02
2.403806017227242200e-02
2.403470211099743847e-02
2.401271938772106887e-02
2.398814797777783225e-02
2.398236164647378488e-02
2.398098620076514684e-02
2.395655039691418908e-02
2.393869880550141688e-02
2.393070685728875685e-02
2.392550763323629537e-02
2.391367185325962708e-02
2.390868358575905933e-02
2.389943017410221804e-02
2.389748343242199466e-02
2.389391083652956521e-02
2.388165498699580322e-02
2.388000868244468874e-02
2.387781426818165811e-02
2.386408311549744615e-02
2.384222838252967464e-02
2.383659560542357100e-02
2.383007648935099587e-02
2.382131522829141965e-02
2.380485422584679295e-02
2.380268277600352395e-02
2.379441667294188503e-02
2.378279765567706955e-02
2.376614325467290428e-02
2.376369553005049443e-02
2.373859103528778991e-02
2.372577429326415410e-02
2.372004739298393811e-02
2.370954316922803742e-02
2.369785802766518484e-02
2.368772156108826105e-02
2.368278449760884488e-02
2.366506543094584747e-02
2.365187524913283865e-02
2.365146653296272203e-02
2.364685167423837345e-02
2.364675078511436351e-02
2.362806034091427532e-02
2.362712714824991705e-02
2.357259498274959231e-02
2.356215999381931769e-02
2.356196360336209467e-02
2.355283841940335188e-02
2.354078130418593706e-02
2.353849294707797968e-02
2.353383812987312404e-02
2.352304648413086272e-02
2.352189124956738028e-02
2.350924821283965210e-02
2.347587859104880229e-02
2.347366098017311664e-02
2.347237752932736232e-02
2.345237274978984390e-02
2.344139315922523503e-02
2.343001324145602138e-02
2.342977417473272525e-02
2.342275656011246626e-02
2.340575872039133906e-02
2.339965272653798598e-02
2.338949052561353423e-02
2.338620126039219274e-02
2.337847071585589381e-02
2.337464100173375012e-02
2.337183390583063430e-02
2.334938572473362062e-02
2.333996602815591528e-02
2.331704432718502765e-02
2.331058082569656756e-02
2.330462654287628749e-02
2.330388687018555144e-02
2.328946698407209637e-02
2.328899466249809494e-02
2.327945323423540741e-02
2.326609284918809348e-02
2.326135446792778477e-02
2.325130321608458867e-02
2.324801643859418163e-02
2.324437427932993586e-02
2.324361873493990469e-02
2.324136784564853619e-02
2.323591085774984188e-02
2.322199141391989921e-02
2.321191319000055070e-02
2.320850400218683884e-02
2.320804850082926890e-02
2.317980866034492771e-02
2.316856673333053673e-02
2.316637064163228066e-02
2.316197156805201163e-02
2.316191573534703493e-02
2.314997347470219846e-02
2.314695855572137737e-02
2.314386544082236777e-02
2.313935047631425490e-02
2.313798471401491003e-02
2.313334036907612606e-02
2.312989130102998531e-02
2.309037791445446228e-02
2.309011919837501009e-02
2.308987259793703062e-02
2.307498373336748163e-02
2.306764962321917675e-02
2.306173737795402107e-02
2.302736783246977365e-02
2.301947886941207305e-02
2.301530307700346695e-02
2.300545134209022041e-02
2.299015797971372746e-02
2.298948943503277900e-02
2.298920203770356274e-02
2.297942316622333253e-02
2.294932738684113752e-02
2.291821749556960386e-02
2.291643749429001994e-02
2.291041505286901814e-02
2.288306906811977959e-02
2.287590284497255377e-02
2.284106452133650295e-02
2.284078776261289079e-02
2.284040247521156031e-02
2.283870216901780562e-02
2.281738942254325775e-02
2.281262453549066926e-02
2.280748721798759107e-02
2.280333800928294880e-02
2.279681713805448151e-02
2.279226911673198908e-02
2.278676941541725454e-02
2.276012019818211482e-02
2.275873222412209962e-02
2.272834959643374453e-02
2.271564086005798191e-02
2.268908756626103473e-02
2.268387416342697652e-02
2.266572742594433199e-02
2.266255518295650154e-02
2.266003320463279985e-02
2.263026904813608339e-02
2.262189959030603062e-02
2.258207104687801059e-02
2.257253887857367178e-02
2.256750060378552580e-02
2.256191734722708120e-02
2.255812282751003262e-02
2.255802516405599339e-02
2.251232240081850119e-02
2.250741112665644375e-02
2.250300232286872593e-02
2.248868516668343573e-02
2.247562703480461554e-02
2.247507796299309801e-02
2.245900304244893494e-02
2.245887389118715258e-02
2.245797169353468126e-02
2.245274188804284934e-02
2.240193435999668706e-02
2.239842226972270714e-02
2.239018512719176054e-02
2.237876834987388708e-02
2.237800767979331723e-02
2.237460583216261539e-02
2.237362245519999848e-02
2.236821581454685737e-02
2.236768849907908030e-02
2.234347333626489351e-02
2.232632044487201789e-02
2.231612836216897988e-02
2.231308094060791003e-02
2.230747678116603780e-02
2.225386361886541944e-02
2.224060881402181028e-02
2.222838039553728592e-02
2.220334964292002347e-02
2.217741419479365983e-02
2.217719281950635002e-02
2.217238326611915833e-02
2.216066210666755784e-02
2.215884180791925090e-02
2.214986488701912309e-02
2.212657814864809822e-02
2.211289965058056001e-02
2.211188050812157996e-02
2.211118074943871706e-02
2.210079815556684549e-02
2.209883739174876849e-02
2.209749980005270426e-02
2.208956824198700028e-02
2.208587513623204435e-02
2.207795209906161099e-02
2.204532968102281693e-02
2.200234272742557229e-02
2.197239740159324592e-02
2.196686308491166417e-02
2.195860356960443321e-02
2.195728884793765254e-02
2.195506321468183863e-02
2.191847027314934582e-02
2.190853675708201789e-02
2.189094192789768634e-02
2.188247454683437537e-02
2.187329184034208368e-02
2.186180278248443104e-02
2.186100620193709432e-02
2.185738386249198861e-02
2.181520247480348354e-02
2.181132879563456653e-02
2.180874797445592206e-02
2.180777628681192237e-02
2.180680124323910313e-02
2.177651243091698746e-02
2.177421331938599741e-02
2.175118579051641202e-02
2.174178233588339865e-02
2.173237127234603494e-02
2.172991049420784290e-02
2.167041334561210092e-02
2.166203933680491134e-02
2.165136340364070405e-02
2.164297342445881817e-02
2.163719504915481012e-02
2.163425063063700513e-02
2.162609400986608213e-02
2.160194564661591099e-02
2.159773417240465343e-02
2.158634286748274678e-02
2.158622128688273203e-02
2.157965064845806039e-02
2.156852344091854737e-02
2.155549824053374502e-02
2.153936027032557141e-02
2.153898910596549129e-02
2.152269322746538580e-02
2.148921488175050548e-02
2.148889050120367586e-02
2.148711310452525863e-02
2.147831023092754837e-02
2.147717352259899751e-02
2.145482872436867833e-02
2.144485319664013109e-02
2.143643857188374038e-02
2.141208844587571061e-02
2.140046501291924599e-02
2.138224116342400324e-02
2.136292622952023351e-02
2.134640200273410157e-02
2.131457812363378099e-02
2.129143333199591190e-02
2.129080476470888994e-02
2.129043481638625418e-02
2.124415276815747045e-02
2.123667920343559265e-02
2.122727703840307165e-02
2.121728073466182946e-02
2.120947748666868540e-02
2.119877585107020346e-02
2.117979705248927702e-02
2.117921760795721947e-02
2.117807636506148505e-02
2.116574363792868285e-02
2.113933860773096335e-02
2.113488858938440337e-02
2.113073406423005007e-02
2.110234213506555559e-02
2.110094476788861376e-02
2.109927874520103191e-02
2.109117110279215557e-02
2.108596659004600971e-02
2.106492708956232002e-02
2.104223601965296217e-02
2.103086197342562622e-02
2.101217670622254965e-02
2.101207579705646061e-02
2.100386279138929946e-02
2.099276026230064915e-02
2.098054617802878191e-02
2.097939423498867972e-02
2.096037615154123027e-02
2.095660475947111467e-02
2.095542867191570527e-02
2.094432099012700707e-02
2.093659890273635860e-02
2.093117035047188310e-02
2.090555123811785321e-02
2.089481826746774837e-02
2.088757248795441307e-02
2.087272223593190923e-02
2.084660090993266032e-02
2.084184220382463010e-02
2.081770852296825278e-02
2.079406161673864883e-02
2.079001928205556626e-02
2.073545068805697500e-02
2.072647297425034285e-02
2.071786674019822361e-02
2.071275510340936030e-02
2.069343996403814889e-02
2.068615869430913759e-02
2.068031451564626005e-02
2.063424991378289691e-02
2.062589202952835876e-02
2.060671930222956333e-02
2.060250510050400802e-02
2.059806321607643778e-02
2.058763414785350077e-02
2.057760939140779177e-02
2.056992612527171541e-02
2.056385238220977824e-02
2.056172906641178660e-02
2.054928826100593450e-02
2.053222318389850282e-02
2.052820685507828966e-02
2.049731010595831973e-02
2.046474828754635267e-02
2.046320758390552871e-02
2.046284093483301605e-02
2.044901680192224777e-02
2.044281791141150037e-02
2.043715805264509355e-02
2.043658087612748586e-02
2.042744237847124444e-02
2.041952944402615489e-02
2.040459610647459704e-02
2.039098095641901989e-02
2.038674916274217652e-02
2.038024505110701962e-02
2.037624144688974029e-02
2.037468587347489313e-02
2.035141125960045899e-02
2.034692250781249684e-02
2.033537609980310898e-02
2.033263446363108018e-02
2.032168141131712041e-02
2.032015969691064114e-02
2.031898039753177870e-02
2.031500016215169110e-02
2.031347083197009365e-02
2.030742495309697387e-02
2.028582158813969569e-02
2.028053149527297636e-02
2.027904390010181607e-02
2.027672976172092273e-02
2.025608121882333662e-02
2.024986890186260269e-02
2.024917208579451663e-02
2.024633460860460893e-02
2.022806517172540119e-02
2.022177375776336439e-02
2.022173921864727636e-02
2.021785291215781252e-02
2.021482919934814229e-02
2.020283626844848052e-02
2.020050353735300397e-02
2.019246017231259710e-02
2.018533773397674161e-02
2.016307334049568037e-02
2.015357912486165359e-02
2.015229980234024137e-02
2.015090243083126481e-02
2.013935665678103643e-02
2.013760256380153074e-02
2.013289284257537351e-02
2.013221102964356940e-02
2.012252394603162436e-02
2.011339493202244505e-02
2.008716747118354309e-02
2.007962443385076859e-02
2.007841953422352665e-02
2.003139133989354642e-02
2.001280636060120618e-02
2.001166187943757835e-02
2.000101328460108380e-02
1.998688611072152455e-02
1.998199282322379866e-02
1.997554670902606730e-02
1.996570861570246685e-02
1.995436461104747872e-02
1.994335096596619450e-02
1.991772121527006500e-02
1.991480166443799354e-02
1.989099594519772377e-02
1.986654706899786821e-02
1.985860119026156695e-02
1.984528571758622725e-02
1.984161074711944528e-02
1.983165153105712411e-02
1.982333010992162400e-02
1.981367614447421960e-02
1.979808346369774444e-02
1.979673008560754038e-02
1.977974379459992299e-02
1.977710568959280962e-02
1.974772377072923565e-02
1.972928365724251065e-02
1.970730279152597270e-02
1.965261276044862754e-02
1.963360133011140055e-02
1.962978673775104405e-02
1.960340116309900599e-02
1.959818517445233166e-02
1.959685424515909824e-02
1.959479533087828823e-02
1.957700125822963225e-02
1.956730960859248691e-02
1.953455248771795993e-02
1.952098024015829977e-02
1.951952314240044950e-02
1.948516257773199450e-02
1.948461243567386689e-02
1.946801660412633000e-02
1.945004213078026234e-02
1.943417107908359046e-02
1.941874669291954181e-02
1.941242620220679990e-02
1.941166427242176085e-02
1.940859967258114910e-02
1.940728807121697153e-02
1.939967556211404792e-02
1.938824661081997580e-02
1.936877160243651724e-02
1.936253103766059566e-02
1.935982651957677755e-02
1.935617629679902557e-02
1.934417590883278845e-02
1.934071582754457244e-02
1.933863890604448771e-02
1.931668094874891897e-02
1.930916862178969420e-02
1.930911606870314851e-02
1.930155947565958055e-02
1.928683388223096859e-02
1.928461697462592259e-02
1.927994722643644465e-02
1.927390516977123616e-02
1.927270911045676077e-02
1.925713448338350203e-02
1.924941353370899014e-02
1.924788055405145942e-02
1.921825267079544167e-02
1.920431064508512642e-02
1.919728319513700973e-02
1.919658385080597052e-02
1.918563962058549358e-02
1.918374808030822928e-02
1.917312706577363468e-02
1.916715456966396752e-02
1.915155440435162282e-02
1.914160484159399545e-02
1.913491699020765380e-02
1.913470394983160169e-02
1.912720277940922059e-02
1.911883615514959125e-02
1.911740743788691022e-02
1.911695362009414173e-02
1.910426890076438733e-02
1.909993269972165911e-02
1.909516796640271796e-02
1.908905993014495955e-02
1.908807863603318583e-02
1.907360947075362537e-02
1.907013349783607745e-02
1.906978021989558930e-02
1.905765147553438454e-02
1.904337497564503184e-02
1.903007616009196393e-02
1.902574270399325085e-02
1.902374469445183847e-02
1.902036265145355329e-02
1.900757655563984141e-02
1.899440986689197516e-02
1.898576254360851909e-02
1.895762086684488201e-02
1.894913486491206500e-02
1.893138419236047726e-02
1.892373499453574998e-02
1.891501146643299880e-02
1.890055573107831538e-02
1.889393477660841064e-02
1.886587424366113763e-02
1.883859954528431871e-02
1.881056864939596729e-02
1.880961330175672658e-02
1.879715397731449369e-02
1.876138474864992231e-02
1.875399848157034352e-02
1.874582080280862151e-02
1.874471508500161199e-02
1.872606459220197209e-02
1.867069121540771565e-02
1.867058039898466734e-02
1.865621756048270810e-02
1.865309896565588849e-02
1.861149799083405137e-02
1.860068093298669623e-02
1.857507365314628456e-02
1.857021062496779298e-02
1.856897692535925889e-02
1.855590779620101827e-02
1.851730724332744868e-02
1.851693770329918692e-02
1.850653337226967551e-02
1.849798032121599892e-02
1.849158439871179810e-02
1.849069571709818435e-02
1.849063418089424288e-02
1.848540210979559770e-02
1.847847354494680169e-02
1.843565675121319747e-02
1.841945040525935079e-02
1.839736474198426161e-02
1.834840703269951037e-02
1.834543715177481063e-02
1.834496680223384954e-02
1.833396950470077627e-02
1.832677596921513524e-02
1.831935771751354997e-02
1.831487385509113219e-02
1.830045255556034950e-02
1.830029205051136518e-02
1.828129191429151909e-02
1.827308614018677974e-02
1.822847179588288000e-02
1.822038601667401100e-02
1.821660120348849582e-02
1.820473665212259812e-02
1.820238665304471301e-02
1.817123675011995260e-02
1.816698796747093225e-02
1.816237607542857402e-02
1.815614986833115341e-02
1.815614408575588062e-02
1.812364195731833508e-02
1.812222805982189461e-02
1.809156515997212972e-02
1.808562491766811664e-02
1.808256122163919705e-02
1.807062818347365471e-02
1.806179470831033654e-02
1.806158989812890747e-02
1.805980076288148106e-02
1.804833140868843805e-02
1.803394534088230416e-02
1.801803021190415827e-02
1.801518510969180378e-02
1.800765525334924871e-02
1.800022758516029928e-02
1.797697444785809409e-02
1.797220781827900751e-02
1.795762485456361621e-02
1.795493170252801529e-02
1.793734758244523719e-02
1.793035486186322913e-02
1.792286282575741851e-02
1.791962742873852432e-02
1.791160313279102981e-02
1.790722411742763642e-02
1.790672100966082814e-02
1.788264892671083059e-02
1.787570513160575969e-02
1.783299838964420153e-02
1.781722170723804011e-02
1.781438452106698031e-02
1.781068150083024715e-02
1.780982030249256970e-02
1.780715490936323961e-02
1.779720287571642107e-02
1.779537351539590626e-02
1.774565621058933965e-02
1.773979902508074358e-02
1.772261491203159026e-02
1.772067978536193134e-02
1.771700263527307626e-02
1.769204054153526023e-02
1.765409086627380691e-02
1.764784091150388770e-02
1.763587407893506265e-02
1.763329122822393166e-02
1.763191767694489986e-02
1.762257498491230645e-02
1.760089381265657338e-02
1.759076313110682216e-02
1.758502498624608251e-02
1.755528618349590925e-02
1.754362159491204554e-02
1.754175594855832132e-02
1.750193730832847946e-02
1.747682431876875636e-02
1.747530675210223761e-02
1.746436799640684392e-02
1.746290244077343748e-02
1.746262442112797922e-02
1.744753883870381675e-02
1.744475360362037625e-02
1.743798707310920820e-02
1.743732680761502299e-02
1.743692695776633342e-02
1.742661269565180110e-02
1.741789314952116308e-02
1.741511917838939327e-02
1.738846506465258762e-02
1.738593889814599516e-02
1.738405600017423752e-02
1.737615893345524284e-02
1.737029272889972081e-02
1.736691701771197333e-02
1.735839530291766186e-02
1.733631021897329497e-02
1.732863477189876614e-02
1.730069633941265159e-02
1.729735906058368564e-02
1.728038501602430221e-02
1.727800596221022028e-02
1.723313844174790763e-02
1.721856759348141391e-02
1.721308798503622811e-02
1.721184018736460208e-02
1.720356880589931498e-02
1.719520886367363957e-02
1.719243399290618091e-02
1.718519703082516115e-02
1.718503201728476676e-02
1.716403132611987042e-02
1.716005147452626806e-02
1.715887842261330440e-02
1.715486144744328770e-02
1.714857575277708296e-02
1.714219960260218723e-02
1.712554364815899871e-02
1.711343500419275007e-02
1.711113089338834117e-02
1.710856291389460659e-02
1.709536240733522047e-02
1.708261884856961815e-02
1.707157812568672536e-02
1.706247660317887146e-02
1.703740141372143968e-02
1.701253582183102561e-02
1.699328720192164882e-02
1.697995481485432140e-02
1.697731774856560058e-02
1.694089093534898588e-02
1.694002469453903537e-02
1.693501422143616972e-02
1.690323039144574907e-02
1.689800459848010347e-02
1.689012664497820115e-02
1.688934581393950266e-02
1.688860076172411448e-02
1.688124722055150267e-02
1.687934848484973563e-02
1.686985652350950909e-02
1.684311373200681611e-02
1.684102876458461184e-02
1.683936508137966886e-02
1.682843471577744748e-02
1.682353625576114495e-02
1.682213494607530044e-02
1.681692941267180080e-02
1.681146857713509274e-02
1.680300921691097252e-02
1.679567684943741868e-02
1.679078904681336956e-02
1.678713745776030941e-02
1.676067942942386160e-02
1.676047134683138554e-02
1.675943646886784294e-02
1.675039925017417566e-02
1.674820086212574013e-02
1.674748747146249245e-02
1.674295909300871008e-02
1.673421259397620681e-02
1.670360965319153679e-02
1.670190090510395228e-02
1.669998870912202393e-02
1.669184851399421396e-02
1.668524883532964548e-02
1.668409359849339080e-02
1.664950722596676008e-02
1.664717823648117351e-02
1.664015962542316276e-02
1.663604007674081980e-02
1.661218200518339849e-02
1.660944808287570518e-02
1.660943324860959108e-02
1.659919269703492850e-02
1.658534331437435533e-02
1.658315693539209879e-02
1.658252544617000446e-02
1.657394205627269607e-02
1.656666322664630819e-02
1.655149653181016076e-02
1.655134138121307913e-02
1.653358147084169061e-02
1.652478185129957478e-02
1.652217119864731604e-02
1.652192185672476249e-02
1.651149937521961125e-02
1.650920928296003426e-02
1.650048028637685071e-02
1.648739647213939841e-02
1.647800777184029591e-02
1.646862480211003926e-02
1.645496800356417363e-02
1.645234994433749515e-02
1.641357574521891058e-02
1.641007041040507680e-02
1.640996497051133013e-02
1.640957162427894231e-02
1.637372087120713554e-02
1.636538572443937967e-02
1.636297104419900950e-02
1.635868039191347087e-02
1.635773364499237478e-02
1.634856313228028740e-02
1.634548377616970583e-02
1.629454643561249055e-02
1.627184288534700568e-02
1.624033922404053559e-02
1.623607781709070219e-02
1.622100036657421820e-02
1.620502319520157608e-02
1.620400106128018491e-02
1.620384090246301118e-02
1.620257722962349309e-02
1.619710841031522797e-02
1.619204759560503512e-02
1.619132903040563023e-02
1.615830098780014767e-02
1.614791386406923962e-02
1.613848961864395443e-02
1.613272081317944362e-02
1.612912305099611573e-02
1.612562654500175607e-02
1.612036617853105855e-02
1.609999261409086890e-02
1.606938792113305273e-02
1.605856806468266423e-02
1.603136421579857973e-02
1.602227482673730663e-02
1.601247036074222863e-02
1.601237757811913021e-02
1.601017727032861063e-02
1.600895370383992322e-02
1.599881153766999353e-02
1.598647699342260753e-02
1.598327426100310672e-02
1.598113619486789955e-02
1.596754569653959996e-02
1.595800219417550792e-02
1.595646753826365782e-02
1.595319930896022670e-02
1.594118347074753236e-02
1.593239747924738922e-02
1.589184643630676269e-02
1.588764789670634586e-02
1.586410315285363345e-02
1.584270060345136996e-02
1.583529355269765182e-02
1.582855879498126089e-02
1.581444153085109772e-02
1.580121352616608438e-02
1.578204070426594829e-02
1.578147512119187565e-02
1.576228376518112179e-02
1.576189865948228463e-02
1.574091101968790388e-02
1.573754158650854038e-02
1.571125306148754217e-02
1.569482682208337559e-02
1.568523672612929382e-02
1.566719360025919591e-02
1.566599232426646102e-02
1.566136186753153484e-02
1.563946572280481423e-02
1.563311359705598855e-02
1.561654830520859891e-02
1.556457608279259580e-02
1.555579841303223083e-02
1.554625973491547547e-02
1.554323999234736783e-02
1.553875606736428508e-02
1.551131175771883718e-02
1.550981478432542429e-02
1.550977757151698368e-02
1.549543056716706953e-02
1.549048730961179003e-02
1.548106288599761932e-02
1.547634708229470892e-02
1.547620792610066541e-02
1.547288878158148070e-02
1.543664349576842100e-02
1.543514559381401613e-02
1.543147770738904218e-02
1.542267460164555015e-02
1.542062385504685759e-02
1.541663511961735566e-02
1.539595516797693207e-02
1.538164536502558549e-02
1.537814987956004527e-02
1.536029321501884357e-02
1.532346247987729365e-02
1.531294847037963612e-02
1.531292666052907689e-02
1.531189810720604526e-02
1.529622522716431697e-02
1.529606083027517868e-02
1.528602750017147779e-02
1.528419916483398505e-02
1.528369340870289195e-02
1.528193580430759965e-02
1.525532828980608567e-02
1.524161807383317413e-02
1.523565421980413448e-02
1.523538188200985327e-02
1.522863889500527569e-02
1.519614132685886271e-02
1.518374466244425298e-02
1.517979354918660637e-02
1.516980347952364208e-02
1.515273147877344191e-02
1.514574246897353038e-02
1.513370192671462632e-02
1.511845230795260363e-02
1.509435753452294596e-02
1.509297338297696696e-02
1.506075953062083889e-02
1.505212737066444380e-02
1.504942299337726046e-02
1.504863556405886676e-02
1.503500367908545098e-02
1.501784796487190543e-02
1.501465345046781169e-02
1.501195123122950337e-02
1.499425405933584206e-02
1.497601474564206475e-02
1.497088249282082194e-02
1.496909677238300942e-02
1.496156065509266289e-02
1.494586144421001031e-02
1.494460378177316431e-02
1.493454091575309971e-02
1.491058877040980779e-02
1.490960536700974143e-02
1.486650997458002256e-02
1.484998182826665139e-02
1.484009533688081077e-02
1.483398560797549726e-02
1.483306177471027838e-02
1.482236893693399636e-02
1.478855960884738370e-02
1.478466697947329600e-02
1.477637478981902452e-02
1.475012476388894503e-02
1.473514777182020202e-02
1.472188641355658655e-02
1.472187094341132624e-02
1.468228642030162089e-02
1.468113392059187429e-02
1.466938503835951355e-02
1.466376466805126288e-02
1.466288772443634716e-02
1.466116341825577860e-02
1.466017969150066810e-02
1.465401146002841617e-02
1.461947854857250165e-02
1.459364224831612850e-02
1.459027430724182950e-02
1.457063072673286247e-02
1.456707068634868242e-02
1.455777429227025910e-02
1.454262284737470497e-02
1.453175622817419813e-02
1.450171657492412697e-02
1.449401734712253698e-02
1.449157975118228747e-02
1.448142727643580638e-02
1.447591562248764716e-02
1.446676141882754715e-02
1.446280156499591199e-02
1.443969452812617071e-02
1.443579309590808935e-02
1.443072735288106548e-02
1.440538265604187143e-02
1.439968384633503670e-02
1.439835192401520657e-02
1.439383363895633747e-02
1.439241382859132723e-02
1.439201516902020514e-02
1.438798988491116551e-02
1.436755244769935200e-02
1.435523787041819051e-02
1.435191836524470077e-02
1.434742886551466923e-02
1.433136543748675558e-02
1.433114014868894573e-02
1.431411387373976614e-02
1.431271941338494585e-02
1.430589654179677782e-02
1.429974957188098056e-02
1.427325585179054467e-02
1.426410602615835188e-02
1.426298990605825989e-02
1.426297189606207279e-02
1.425727461497469477e-02
1.425030033084732917e-02
1.422722341776802568e-02
1.422702524396174742e-02
1.422250112926806004e-02
1.420778521496154564e-02
1.420258009681859765e-02
1.419352291449304040e-02
1.416433435082837221e-02
1.416006794581443906e-02
1.414729456686386611e-02
1.413688326051996784e-02
1.413655998870799735e-02
1.413570506463089627e-02
1.413176416789657316e-02
1.412012808432208492e-02
1.411788463793918653e-02
1.409923834349930197e-02
1.407768937729351674e-02
1.405053267650610560e-02
1.403962451172266826e-02
1.402873331395960294e-02
1.401539943644663708e-02
1.400560310102388732e-02
1.400445011735864873e-02
1.400130168808959644e-02
1.399264630396490107e-02
1.398935729179327445e-02
1.397676799701375906e-02
1.396467269306449904e-02
1.396310221987801317e-02
1.394781069715648678e-02
1.393444202899333205e-02
1.392848019031816577e-02
1.391572994012850450e-02
1.391516700967648790e-02
1.391430161565027773e-02
1.387286933215363741e-02
1.386899828066186224e-02
1.385793832629434244e-02
1.384103086577004316e-02
1.383982046300845890e-02
1.383673202176651136e-02
1.382001097526352855e-02
1.381438987993415142e-02
1.381318853669966269e-02
1.379797512764690225e-02
1.378831435787394866e-02
1.376471001235984870e-02
1.376219020900681066e-02
1.376025054341996519e-02
1.375213537224757691e-02
1.373696185940688659e-02
1.372650049798215116e-02
1.371659675959219400e-02
1.371592258977820215e-02
1.369454794190515592e-02
1.368313944805299963e-02
1.367588637665419909e-02
1.366563936904022052e-02
1.365107424719073231e-02
1.361878510308226105e-02
1.361718533174071342e-02
1.361247777069068618e-02
1.359503834155583943e-02
1.358844367112459726e-02
1.358168727406951735e-02
1.357471851864070281e-02
1.354809625650019167e-02
1.354492769061399829e-02
1.353847492474539137e-02
1.352448067555461243e-02
1.352435384325812590e-02
1.350414205964098856e-02
1.349940844383494369e-02
1.349867720167343202e-02
1.347773190422246053e-02
1.347419378758260740e-02
1.344188101673750302e-02
1.343994503995991560e-02
1.343081951682109296e-02
1.343028984453200313e-02
1.342174767816344330e-02
1.341171135184673728e-02
1.341171004734023099e-02
1.340090399990487638e-02
1.337238091279440398e-02
1.333572935977178110e-02
1.332928653718258236e-02
1.332906718466077105e-02
1.332557319708970942e-02
1.332217790068109670e-02
1.331721253015801833e-02
1.331032610015360496e-02
1.330622741070904350e-02
1.327955969828573807e-02
1.325269327357595124e-02
1.324828716886572791e-02
1.322248919264776973e-02
1.321531946377983713e-02
1.321186997785694754e-02
1.319973975780373843e-02
1.316563919026613946e-02
1.315821816177759410e-02
1.315590499097230026e-02
1.314789062957776901e-02
1.314668429036399896e-02
1.312865425329542632e-02
1.312768981539307912e-02
1.312679674182326908e-02
1.310111827524660516e-02
1.309911748847129680e-02
1.309883945843208670e-02
1.309558219442205282e-02
1.309487067648847959e-02
1.307557926671230192e-02
1.305898316938594594e-02
1.304721488659556748e-02
1.304218833577909520e-02
1.303820175240030452e-02
1.302943960916240138e-02
1.302821340568003500e-02
1.302317525147833784e-02
1.302180706473346841e-02
1.300535278721292633e-02
1.299507091243602697e-02
1.296086874711542720e-02
1.291404052295409832e-02
1.287930661749682459e-02
1.287498451396948927e-02
1.286948319649151504e-02
1.286907948297979359e-02
1.286340735766662059e-02
1.283883165029436890e-02
1.283498757531996610e-02
1.283111540097987315e-02
1.281865096254901880e-02
1.280792596382668291e-02
1.279482140652002387e-02
1.279376332302311313e-02
1.278789476537970163e-02
1.275851511785848144e-02
1.274472474369520852e-02
1.270711849412416335e-02
1.269178211087586619e-02
1.268552642905106977e-02
1.267428350529367642e-02
1.266257976618582158e-02
1.265869260757877812e-02
1.265182254145795840e-02
1.265010443720747217e-02
1.264846873630773132e-02
1.264833736173118575e-02
1.264208960014997531e-02
1.263566361106780757e-02
1.260861383461285914e-02
1.259569728956294946e-02
1.259141101166403806e-02
1.259088822447344477e-02
1.258497384188328114e-02
1.255877736896094353e-02
1.255417167417418635e-02
1.255222369687926387e-02
1.254793354848921481e-02
1.254166420844096339e-02
1.251079319602335302e-02
1.249163692285445992e-02
1.248801618736119362e-02
1.247749959409461332e-02
1.247630653617008874e-02
1.246873250303543595e-02
1.245634031225950622e-02
1.245583940863542391e-02
1.244711459607706489e-02
1.244366277526441980e-02
1.244176704738970962e-02
1.243257751179228064e-02
1.239512005437219677e-02
1.238009788051089299e-02
1.237841137075845060e-02
1.237580232254845668e-02
1.237295363141762729e-02
1.235632293088257186e-02
1.234807801733317154e-02
1.233505076548941683e-02
1.232398568526279353e-02
1.231102348576949834e-02
1.226441344982083861e-02
1.223959508174612965e-02
1.221396657683224141e-02
1.221315514345442874e-02
1.220739034174355038e-02
1.220246975451744209e-02
1.219729333942488544e-02
1.217350803244814962e-02
1.216606415110249063e-02
1.215141569230615039e-02
1.214974926586004540e-02
1.214798765853833395e-02
1.214403572666380472e-02
1.212940368461130382e-02
1.212620482656017948e-02
1.212506668909136415e-02
1.212247234238366007e-02
1.212122920642096612e-02
1.212021915066759450e-02
1.211631291415751592e-02
1.210431830742236294e-02
1.208844639052018832e-02
1.208040474514498683e-02
1.206384301104597781e-02
1.204758989433231398e-02
1.202808940698818843e-02
1.202549770419361619e-02
1.202346911468038342e-02
1.202097956682893556e-02
1.200807285988518373e-02
1.200782534877785357e-02
1.199160837929500768e-02
1.198477487473326164e-02
1.196339628817592871e-02
1.194968341081042301e-02
1.194419862019315687e-02
1.194240930675252027e-02
1.193692064840747198e-02
1.191535357383726249e-02
1.191312131440983024e-02
1.191253399585979686e-02
1.189852380367137537e-02
1.188605164993255039e-02
1.187434206436580042e-02
1.186316975109010310e-02
1.184751645655917826e-02
1.184176553947103097e-02
1.183192023123664713e-02
1.183027672900341040e-02
1.181961119370377074e-02
1.181808905052000695e-02
1.181327089024372667e-02
1.180470406686359025e-02
1.178931596383712282e-02
1.177619940498433188e-02
1.176219059146593054e-02
1.175178637896538356e-02
1.173793175194132177e-02
1.172192545530762256e-02
1.171842180503609998e-02
1.170575842923385346e-02
1.169958285490589958e-02
1.168436476935802090e-02
1.165791995334228282e-02
1.165509878413852757e-02
1.165240885319482160e-02
1.164949478633020737e-02
1.164843760240601503e-02
1.163856075249901367e-02
1.162697561325160348e-02
1.161548546322284728e-02
1.161324065243841443e-02
1.160669730844920283e-02
1.160634337834656749e-02
1.159434120445090519e-02
1.156830815172963690e-02
1.153905603260105620e-02
1.153028305293781267e-02
1.152882511549318569e-02
1.152790698122097002e-02
1.151402498769734870e-02
1.150804812677463929e-02
1.150689768010080410e-02
1.150154939597993267e-02
1.149220921638551690e-02
1.147666574081973069e-02
1.146409353331442546e-02
1.145738455599745569e-02
1.145700486244839895e-02
1.145501797876300777e-02
1.145471058562579601e-02
1.144858411023138081e-02
1.144522100018022931e-02
1.143834512366153147e-02
1.143710892370775056e-02
1.139749347375868666e-02
1.138002846251723321e-02
1.136058125097824320e-02
1.135031308400110718e-02
1.134856345476380896e-02
1.133904171750229305e-02
1.132133956991074504e-02
1.131339368943104669e-02
1.131277159482409721e-02
1.130799261155476625e-02
1.129441217134764461e-02
1.128648200865412302e-02
1.128243351882344050e-02
1.128175041335254675e-02
1.127149535316897093e-02
1.124544234426298576e-02
1.124330387681541851e-02
1.120570137440930411e-02
1.119643654802489514e-02
1.119570264386431611e-02
1.118977584927235980e-02
1.118906225709900663e-02
1.118226848315007939e-02
1.117753198321744593e-02
1.115641605680727823e-02
1.114819289033509853e-02
1.113238464381442749e-02
1.112827461381149519e-02
1.109553260434925810e-02
1.109502983119057401e-02
1.109426350719616185e-02
1.107303069355213346e-02
1.106158857154919753e-02
1.104043910736832862e-02
1.103677454028985198e-02
1.103572663152599387e-02
1.103482777380781696e-02
1.102688116980569608e-02
1.100888663896503264e-02
1.097918761366804309e-02
1.097057254950164346e-02
1.095425701848340080e-02
1.095367562191812763e-02
1.093284196574280387e-02
1.092634865098250814e-02
1.092268311240242665e-02
1.092163387066522225e-02
1.091927471711166830e-02
1.089160011409714621e-02
1.088741276163161797e-02
1.087119163811589399e-02
1.084258001192400095e-02
1.082970926493403638e-02
1.081113537409512243e-02
1.080461175470784352e-02
1.080193800642690119e-02
1.078749165387245246e-02
1.078566841189939826e-02
1.077551040823668607e-02
1.077492404340166590e-02
1.075956370054265490e-02
1.074446211290291942e-02
1.073291481237734213e-02
1.073038484345432281e-02
1.072806081405927418e-02
1.072382026428587293e-02
1.072172354718558401e-02
1.070628830587455962e-02
1.067110522540509407e-02
1.065947471963150928e-02
1.062885542017226459e-02
1.061390251549149122e-02
1.055832146383806763e-02
1.055614410837863240e-02
1.054238242545346878e-02
1.054187359760296039e-02
1.053788760002836306e-02
1.052238574145839857e-02
1.048119053665398648e-02
1.048029964669913022e-02
1.047255782814475455e-02
1.046040559638563780e-02
1.044047863331230667e-02
1.043703422351287963e-02
1.043444802490376203e-02
1.042502594392327384e-02
1.042453976272747149e-02
1.039827359863704226e-02
1.038032315059635516e-02
1.035628021944186294e-02
1.027368379133409768e-02
1.026952549661242636e-02
1.026675961085249736e-02
1.024530174517451070e-02
1.024167830757385933e-02
1.023570772269255004e-02
1.022332702157126988e-02
1.021901989245902614e-02
1.020948607712853125e-02
1.018705741175250992e-02
1.018220671390565428e-02
1.016684961982739117e-02
1.016275211612021126e-02
1.016008274963942255e-02
1.013485058621535137e-02
1.011256276850650525e-02
1.011228837337216184e-02
1.009093198272668392e-02
1.008098482831775236e-02
1.003985019936307066e-02
1.003801013200597905e-02
1.001834613350175568e-02
1.001787999677894794e-02
1.000550013040351315e-02
1.000075829370068725e-02
9.992856911022031732e-03
9.987558787505458960e-03
9.970852119187767829e-03
9.961270670708290489e-03
9.954612870761242460e-03
9.941497056070329463e-03
9.919357693494394029e-03
9.908941520081799778e-03
9.893215137967849293e-03
9.866398605295884777e-03
9.856525457106198040e-03
9.843697709193254680e-03
9.831303693358856011e-03
9.827776951444038012e-03
9.826683633101599910e-03
9.822304484243715023e-03
9.815307666644080761e-03
9.808918050847248091e-03
9.798374626277825059e-03
9.795236770460513664e-03
9.759339895524512740e-03
9.729043545708884050e-03
9.723801427172194117e-03
9.701568473280068605e-03
9.693311492806404653e-03
9.686732592804980432e-03
9.682936861784017038e-03
9.678913982087413923e-03
9.668941419337934509e-03
9.668774858516760926e-03
9.668387686578631263e-03
9.667648215048285643e-03
9.661630133655035868e-03
9.649128551196751308e-03
9.642281721149694590e-03
9.639427716240149546e-03
9.630627998469556278e-03
9.626206758486776857e-03
9.622615027177436678e-03
9.613205364349191109e-03
9.610714250324649266e-03
9.609526628967293357e-03
9.599355412992175568e-03
9.589039276738948320e-03
9.581614913824278851e-03
9.574787848704661639e-03
9.574539525412338603e-03
9.564787922057668007e-03
9.531716730578652236e-03
9.522491468501603079e-03
9.514974192443032691e-03
9.509917587564576530e-03
9.509195031163377235e-03
9.504882768854258993e-03
9.503752044085675074e-03
9.489166490916748492e-03
9.470464787752423674e-03
9.462810017283232455e-03
9.421803483687929415e-03
9.398626230882086222e-03
9.387074210728558327e-03
9.376752678233459329e-03
9.353508429594481477e-03
9.341583638844396312e-03
9.339409185918651907e-03
9.337632699245562717e-03
9.335983859669518686e-03
9.333162253021391047e-03
9.314412517917584899e-03
9.313386497766472025e-03
9.296519480334483609e-03
9.283879501182135813e-03
9.264342669946804693e-03
9.263008276488068210e-03
9.257029151438654971e-03
9.245051683615387178e-03
9.238464454402470563e-03
9.208715357138585328e-03
9.208198430396361683e-03
9.206315493328209518e-03
9.197408930353983755e-03
9.193919296178167111e-03
9.193860044267102016e-03
9.175907575817571216e-03
9.172455101967770530e-03
9.161048055713364238e-03
9.146717079853167870e-03
9.071650791820581872e-03
9.070095770591259446e-03
9.057477235596593859e-03
9.056533690801513506e-03
9.052493121278853278e-03
9.043515817391503675e-03
9.036448993145998476e-03
9.036331476653995665e-03
9.027368399112205982e-03
9.025974668226383058e-03
9.011786765068653324e-03
8.976657845819231360e-03
8.969882035077127169e-03
8.966346448705482530e-03
8.964060573077614266e-03
8.940951940973166506e-03
8.925458544461407212e-03
8.912958683592878822e-03
8.912949847925396435e-03
8.903854175755142319e-03
8.875540789340609707e-03
8.873786646484686791e-03
8.872597325898162052e-03
8.872463025778954196e-03
8.861889683506702156e-03
8.857624327081724258e-03
8.838241719048896966e-03
8.817203284430530363e-03
8.800802535095686441e-03
8.795405955899244371e-03
8.783037389265670528e-03
8.766093533710359736e-03
8.758670446627567913e-03
8.751728460268500681e-03
8.751366237980194585e-03
8.736514507711966998e-03
8.726897076793417932e-03
8.718867613680193404e-03
8.715366370545934646e-03
8.703373414882392689e-03
8.693028891661876492e-03
8.657777723778604939e-03
8.638367956926773158e-03
8.636745615213822086e-03
8.636141789463392185e-03
8.633468630246490458e-03
8.631845414982885697e-03
8.630397832368134209e-03
8.628527479708398423e-03
8.591773484755900817e-03
8.588251912633942248e-03
8.581261429081842723e-03
8.580419822943189875e-03
8.580303251714946691e-03
8.571984734039760773e-03
8.570203620350755336e-03
8.528333031431578615e-03
8.524207857210322481e-03
8.502754812159597775e-03
8.477368863187395576e-03
8.476734796085318852e-03
8.471456464029102074e-03
8.464288453074985882e-03
8.462191946852885144e-03
8.451923344537266847e-03
8.398353618242941979e-03
8.370288156671418928e-03
8.367915014042080074e-03
8.355276359054482349e-03
8.352792838699978767e-03
8.339973192336171820e-03
8.296135512928036471e-03
8.288033487509838260e-03
8.280495987723915374e-03
8.274370821309252888e-03
8.265950025743451848e-03
8.250002306640599400e-03
8.243803078918539307e-03
8.179670316632194418e-03
8.176576482782131616e-03
8.173576784392178052e-03
8.173447412717534111e-03
8.145124657980182606e-03
8.141298450354744753e-03
8.130703792382790868e-03
8.127169548471389893e-03
8.126291703307362765e-03
8.122362044851668544e-03
8.111654696034278217e-03
8.111433706363314552e-03
8.103535018466480333e-03
8.097020857913913433e-03
8.075839970752337477e-03
8.059465473101840721e-03
8.018483632827512475e-03
8.013994492635900802e-03
7.985387296532545087e-03
7.973763019892485260e-03
7.972610347559775865e-03
7.956669691736653616e-03
7.953738659467943922e-03
7.941639561653774174e-03
7.923851412546993947e-03
7.912757781250980005e-03
7.902144446676476891e-03
7.896690828117343408e-03
7.876480657427034626e-03
7.861683873196792169e-03
7.854540693527881090e-03
7.846213195054635089e-03
7.840530952131575040e-03
7.829123055707751244e-03
7.810189085503279303e-03
7.793125242552699852e-03
7.785440177621688433e-03
7.784287428603864183e-03
7.781478056357767070e-03
7.771346115135682395e-03
7.760057622224607668e-03
7.758393568125859438e-03
7.751186315125258540e-03
7.746404597895190959e-03
7.742474518714166296e-03
7.721119743825667105e-03
7.716481408122503535e-03
7.699788181835625495e-03
7.670129171393353859e-03
7.667265188807564566e-03
7.656364927902239124e-03
7.623770810186315805e-03
7.610840523079998379e-03
7.593754824603758842e-03
7.585255726053266936e-03
7.577290529209423225e-03
7.560647016137978307e-03
7.557806110830097082e-03
7.545560021036044202e-03
7.543566451655146256e-03
7.540387498941711689e-03
7.540096994087154211e-03
7.515556583648938700e-03
7.500081900401788307e-03
7.499102857976251355e-03
7.490788699598341024e-03
7.488844527435438783e-03
7.488064880306753712e-03
7.463154648687084572e-03
7.450268280309199805e-03
7.448682473315586250e-03
7.446040341244668931e-03
7.443478991375184102e-03
7.428669017701245575e-03
7.414089733229036958e-03
7.401803592618465787e-03
7.385749327588964248e-03
7.345015807140203509e-03
7.338929008227759732e-03
7.325853466355987040e-03
7.297987642561449065e-03
7.293305727686862083e-03
7.292074945524691480e-03
7.289800093589206623e-03
7.284005054559415659e-03
7.273008013428127611e-03
7.247034923943291955e-03
7.202956628778091168e-03
7.201288657198924754e-03
7.197279997411100763e-03
7.184875224265415555e-03
7.171577031828394247e-03
7.167617331716849560e-03
7.161137974307089579e-03
7.149228965949517949e-03
7.113508895021627282e-03
7.080341660747264607e-03
7.077600192080462510e-03
7.009832924277042618e-03
7.009585734070882673e-03
7.008407749964100722e-03
7.003782673775943088e-03
6.992598504383051861e-03
6.971586999548438912e-03
6.970228600887079864e-03
6.932351642798612740e-03
6.927158935421517255e-03
6.917680584799909722e-03
6.909845153841791265e-03
6.900560693931336032e-03
6.881078104742367231e-03
6.880166188834665845e-03
6.870378823110341072e-03
6.851839471597879865e-03
6.847126903122795552e-03
6.842720721982739271e-03
6.838001898384561857e-03
6.827208666402150017e-03
6.819095931597737165e-03
6.815358593656811736e-03
6.814030662124105978e-03
6.803040427390784003e-03
6.776895618691006207e-03
6.769466277818146985e-03
6.748222395093856837e-03
6.737898820526845231e-03
6.734371531707110912e-03
6.725910561832646253e-03
6.722241712655082843e-03
6.719848140081987296e-03
6.716598482470645740e-03
6.705194562521134966e-03
6.657748037088732918e-03
6.651698359726079812e-03
6.646918822713209982e-03
6.603539149926280008e-03
6.584143920490751097e-03
6.571230188722861944e-03
6.556904069597533150e-03
6.533566703044522972e-03
6.529875657227729793e-03
6.529017065784150503e-03
6.523425818959435220e-03
6.519069588842566453e-03
6.513755276222169682e-03
6.511589869150522306e-03
6.510469030277862314e-03
6.493589843435915859e-03
6.484115248116805244e-03
6.469634738206941904e-03
6.458727419742189835e-03
6.454949283058673479e-03
6.451434245793434899e-03
6.421448034010952648e-03
6.404855724938213722e-03
6.378793362038665329e-03
6.372296509430004641e-03
6.366900728098281309e-03
6.325396978807925827e-03
6.299587653609930657e-03
6.296295597032385699e-03
6.295008762098598144e-03
6.284060521027774043e-03
6.281732016086684009e-03
6.275751681890089084e-03
6.267260697182483811e-03
6.266848034250892263e-03
6.265330194312478812e-03
6.254090757949389359e-03
6.239526423346627299e-03
6.231804912640253810e-03
6.225547018766252119e-03
6.222672518525012263e-03
6.217352166323051460e-03
6.214417950511687445e-03
6.197515975732946492e-03
6.192639993338340185e-03
6.177750216907753125e-03
6.175810996531416741e-03
6.170284572828236072e-03
6.167873385664854151e-03
6.166197092839734162e-03
6.147883813648996089e-03
6.143445631015007589e-03
6.132055516448749188e-03
6.130018190890040852e-03
6.128653225576038283e-03
6.123008763984383665e-03
6.109048980825596692e-03
6.103056287795657897e-03
6.087655883795874134e-03
6.042226765489875848e-03
6.030071583452881190e-03
6.017509716425005137e-03
6.015570345960466470e-03
6.014692407743618685e-03
5.998885999706231667e-03
5.988976598554924397e-03
5.987042284847868961e-03
5.953664480671791437e-03
5.933244627579022448e-03
5.930150377473256129e-03
5.919465564177156872e-03
5.902917513390203326e-03
5.896099618235112541e-03
5.893608995559197414e-03
5.890116988473784523e-03
5.887218348206093785e-03
5.886690718706150127e-03
5.883516124484134899e-03
5.879643757203815643e-03
5.878616389089714143e-03
5.859593760125762427e-03
5.856975430947652939e-03
5.856574618191807448e-03
5.827671551677519185e-03
5.827240305852658328e-03
5.827170573098971497e-03
5.827150109526120503e-03
5.826525485738922108e-03
5.816480368010109973e-03
5.810079860760124747e-03
5.797941694169937710e-03
5.790170312213599457e-03
5.784433050726425080e-03
5.777596401904816145e-03
5.773378018717408716e-03
5.772527620433531327e-03
5.753522595189555257e-03
5.751613120567936749e-03
5.737395464939054439e-03
5.726451012150392261e-03
5.725555314886703745e-03
5.720121453140263913e-03
5.718192174187406232e-03
5.712960628423534998e-03
5.711793794447020053e-03
5.703490432399906974e-03
5.686055055013419790e-03
5.682953325045386576e-03
5.644290494628086477e-03
5.636863947971690499e-03
5.634557136520799980e-03
5.621585888752531762e-03
5.617873507160232004e-03
5.604516279208587165e-03
5.602678444929008392e-03
5.585986148385685933e-03
5.578861375518019521e-03
5.571379474923733588e-03
5.549494837341583525e-03
5.540300339785012365e-03
5.530892801853395241e-03
5.528645511626847225e-03
5.527880232744408588e-03
5.520123927142454000e-03
5.447491827594459594e-03
5.442754197525899451e-03
5.436572808382101468e-03
5.420111161749132343e-03
5.417750497820743652e-03
5.404055505654025218e-03
5.381553072922158620e-03
5.374266893787781572e-03
5.371519758562474933e-03
5.368291811662245089e-03
5.355321621243788743e-03
5.355235159194371083e-03
5.352355577422768934e-03
5.318747448858925260e-03
5.310120841802761817e-03
5.302362819760927243e-03
5.287749939381871343e-03
5.283719809896295083e-03
5.247369376113828442e-03
5.236890803047325807e-03
5.235941346852301254e-03
5.217972322079867525e-03
5.201119426452735679e-03
5.196954393013911502e-03
5.142244262920189768e-03
5.121079232313975951e-03
5.113611846272687021e-03
5.104931571863943404e-03
5.091960455162053423e-03
5.090248642825845847e-03
5.080937283947107794e-03
5.062188522050108455e-03
5.049542612872199784e-03
5.047505255017884288e-03
5.041333940908741817e-03
5.036102664484179252e-03
5.002126280738910385e-03
5.001139952991563199e-03
4.988530981145615842e-03
4.946932336124212903e-03
4.934455059442588790e-03
4.929149720385283401e-03
4.914881177765989713e-03
4.893586917899274066e-03
4.876104581452048864e-03
4.873112998707185284e-03
4.871922258133357456e-03
4.864190732753609532e-03
4.855918355733880587e-03
4.843481806079463770e-03
4.830278923393707333e-03
4.824518606227404943e-03
4.824318589115592429e-03
4.823700674416526307e-03
4.819324664332684180e-03
4.819037847710788691e-03
4.815405863948369475e-03
4.811200015637022778e-03
4.803310139734869380e-03
4.803225764352240731e-03
4.803192136972059961e-03
4.796170116249599130e-03
4.795369519912801026e-03
4.755768728994021893e-03
4.750984840126075241e-03
4.748766484351560346e-03
4.739201371404672819e-03
4.731884421112872441e-03
4.720228782036533545e-03
4.719613608632017288e-03
4.709416645398723303e-03
4.691928549615718112e-03
4.689594810402369397e-03
4.686967127010481342e-03
4.683491663956974166e-03
4.647065789083421571e-03
4.642625216268879591e-03
4.636436258994309362e-03
4.635031745975059896e-03
4.597910391884844211e-03
4.582664147807323854e-03
4.576876124567175706e-03
4.561348664052706711e-03
4.555325053740209157e-03
4.525805259227496172e-03
4.516064672146375206e-03
4.501751761359067822e-03
4.474368792324618510e-03
4.472306327479407852e-03
4.466299308716083910e-03
4.458690224033388591e-03
4.426727792872129155e-03
4.419821403332370099e-03
4.394193120209120666e-03
4.388000427606437645e-03
4.370875624942001554e-03
4.349113890612826480e-03
4.345310538206654388e-03
4.344736111036674731e-03
4.340989251010488395e-03
4.325048820887009149e-03
4.313487389276393635e-03
4.305129521304070644e-03
4.302710877101614817e-03
4.287139661486555342e-03
4.283248671251916814e-03
4.281636070934057361e-03
4.255732109759527773e-03
4.233623453943789403e-03
4.224474516797633097e-03
4.216930072725273530e-03
4.204046652231244185e-03
4.180517916350302843e-03
4.156332412244313768e-03
4.155369182226042318e-03
4.139696914581242337e-03
4.129019902257164212e-03
4.128884471507063628e-03
4.112571378813018041e-03
4.111979617030557706e-03
4.101966318774141057e-03
4.091906569395196980e-03
4.083714616842883637e-03
4.071025990884746468e-03
4.070592286494615838e-03
4.048973492105331293e-03
4.025072349661040771e-03
4.024397052268882669e-03
3.989475599233469408e-03
3.983947758243022025e-03
3.980601907000913889e-03
3.949846904361934211e-03
3.938250041918162428e-03
3.907510936068854697e-03
3.907167714580372757e-03
3.906318896780023274e-03
3.896634855367738827e-03
3.879277044939812708e-03
3.877288605201242855e-03
3.855529300276630284e-03
3.852072404962684701e-03
3.851546327531448106e-03
3.839816918643691734e-03
3.838447485492354691e-03
3.818398282601211287e-03
3.814661279461336457e-03
3.800846820573740553e-03
3.770092539144533766e-03
3.756886521845436734e-03
3.748954704514331077e-03
3.739311639528838244e-03
3.735142158225943088e-03
3.733587141184485127e-03
3.726820660408365193e-03
3.719793356439519277e-03
3.700366853379969193e-03
3.679532932035471486e-03
3.639781597676937375e-03
3.619373551570510134e-03
3.610362559212225778e-03
3.603405372878964313e-03
3.592080323040396182e-03
3.552402602835320368e-03
3.544204293988897480e-03
3.531565699410062816e-03
3.512596639136663507e-03
3.501529174954986015e-03
3.487160595492448320e-03
3.484645101951663014e-03
3.480831633218025092e-03
3.475680008149823787e-03
3.463127394105790409e-03
3.440909338126923404e-03
3.431355708091960582e-03
3.427861532395600191e-03
3.400262231142818677e-03
3.388863308356246558e-03
3.382121663078942533e-03
3.378513009310839081e-03
3.344629909852337574e-03
3.343039913560013135e-03
3.316678374461854307e-03
3.295530574234335069e-03
3.276540001836988555e-03
3.207011560985664235e-03
3.192746196524621875e-03
3.182146151366698969e-03
3.179699897168725836e-03
3.176329122071214987e-03
3.173344843681067534e-03
3.167349162203104973e-03
3.161956728106520877e-03
3.124029131654475905e-03
3.117396779079256545e-03
3.077781871866833423e-03
3.060723966991314715e-03
3.059344105872819491e-03
3.053028837260044880e-03
3.052114232614906372e-03
3.044563762698245836e-03
3.037527230591745286e-03
3.028673570773180411e-03
3.002651454915981899e-03
2.994398032189455206e-03
2.976073597617014121e-03
2.974203719007318877e-03
2.972850373025331949e-03
2.963441397814795680e-03
2.935980706002767893e-03
2.935742966297435162e-03
2.924271038852854949e-03
2.923969021079698104e-03
2.908358719157289052e-03
2.903361417915301460e-03
2.902959198336064681e-03
2.877669156811295086e-03
2.876872727536544400e-03
2.849614254012574309e-03
2.829137615150827643e-03
2.824642225545055760e-03
2.814921015763821414e-03
2.803203971864413370e-03
2.798782729586392262e-03
2.772080429766943938e-03
2.768774324669213277e-03
2.743932188387648505e-03
2.733470921467437073e-03
2.718215696102628618e-03
2.699176044536772887e-03
2.694456124848179993e-03
2.692191101743772290e-03
2.677153403888602942e-03
2.634935035430713626e-03
2.617035278798014383e-03
2.601524385130228080e-03
2.600900509315400792e-03
2.600276607565836506e-03
2.592590905380017137e-03
2.551327143074981051e-03
2.551028663429879932e-03
2.545027622990145635e-03
2.532738500980331528e-03
2.517576036051894645e-03
2.514452364711851351e-03
2.494520722989265749e-03
2.478939105902202254e-03
2.478654704940236667e-03
2.471872114954159431e-03
2.417552126112968488e-03
2.416810262939017920e-03
2.405196104112830406e-03
2.401251515013974255e-03
2.382887006962781246e-03
2.356559364882707206e-03
2.339373370222857206e-03
2.336263548740205934e-03
2.308784477402434782e-03
2.294167397413366706e-03
2.286243270687576823e-03
2.231785325903862943e-03
2.207997668828513144e-03
2.206306262707246474e-03
2.204427040965776033e-03
2.198979325593134262e-03
2.185110679231178771e-03
2.173019935060784870e-03
2.164194107934602589e-03
2.157615488791325871e-03
2.152864155766354669e-03
2.150566915980150692e-03
2.147603156316682353e-03
2.137395544102792169e-03
2.130756534909521334e-03
2.126932321921641902e-03
2.113093709719874799e-03
2.092201823988892873e-03
2.075795766879062060e-03
2.065503702180594703e-03
2.053533733883808506e-03
2.045109041840098910e-03
2.036860455055010313e-03
2.036755379326768249e-03
2.028405024948909743e-03
2.025834530085430206e-03
2.020154611355892259e-03
2.009396127032229452e-03
2.007982271817332701e-03
1.998303535694600543e-03
1.966069661095855986e-03
1.941723092871015799e-03
1.928758879521350750e-03
1.896412018904834393e-03
1.892429244422406086e-03
1.890794359485019338e-03
1.888751496616720982e-03
1.870316235182684431e-03
1.864188026795814829e-03
1.847897010758109936e-03
1.847289678864571984e-03
1.836826774173906142e-03
1.824242173496653033e-03
1.822660775468487419e-03
1.814770895271147853e-03
1.814672292293448806e-03
1.798048923387291984e-03
1.796649833022000327e-03
1.784716919997410278e-03
1.780827773442359221e-03
1.778290082166077840e-03
1.775990118503742920e-03
1.774252744614356753e-03
1.770669794992873070e-03
1.754232057366529596e-03
1.737850111314052579e-03
1.714816211991022910e-03
1.704453939111705589e-03
1.650272949985680769e-03
1.647652450568581027e-03
1.630999253476792237e-03
1.582404710444452328e-03
1.554380429695085674e-03
1.546632164981033650e-03
1.543616850565500236e-03
1.537668964207101162e-03
1.528688695860747765e-03
1.514132959886727026e-03
1.480568788861970353e-03
1.466034932723533565e-03
1.464546434811437453e-03
1.448767671721144963e-03
1.443191259700764284e-03
1.419480524234636911e-03
1.409103840721766601e-03
1.408433211468399816e-03
1.376857952934361622e-03
1.356073025363628906e-03
1.346271842943324096e-03
1.335615240300267164e-03
1.318520553102412937e-03
1.315690577278559592e-03
1.308927882188079192e-03
1.307087032453948562e-03
1.303261455692517577e-03
1.296341257611921712e-03
1.295990840504477552e-03
1.285037510296335728e-03
1.261155832557413550e-03
1.249953626795015458e-03
1.247536776927862367e-03
1.242125982028489950e-03
1.224433078895416707e-03
1.222362486511880536e-03
1.211940292332226027e-03
1.203032875616556405e-03
1.200671815524704351e-03
1.197632228497490584e-03
1.195286630007853660e-03
1.179454352798675609e-03
1.168772502197840818e-03
1.165797875674102341e-03
1.139817783960989008e-03
1.126640971640753899e-03
1.093780914679108422e-03
1.054809781242423486e-03
1.041661143201235307e-03
1.023808508462878755e-03
1.021891436066140694e-03
1.021129851620572199e-03
1.019221881702863340e-03
1.015798989973147994e-03
1.006723855333607059e-03
9.889308785708322488e-04
9.846382173108810150e-04
9.789365262264501308e-04
9.494308551542878991e-04
9.380411836397884069e-04
9.366066855917010159e-04
9.144296874364146732e-04
9.088657623600206181e-04
8.968067678785398254e-04
8.831390955166690260e-04
8.575215523269844736e-04
8.406544281425974707e-04
8.374423947148787115e-04
8.242104915163021850e-04
8.222657645061562728e-04
8.163900381206404960e-04
8.077235308711415256e-04
7.860784978355388024e-04
7.723912957163874514e-04
7.665376210188885181e-04
7.589925543911857364e-04
7.219126678939744024e-04
7.091771420727477349e-04
6.728391949864832855e-04
6.676208676526761143e-04
6.636652126723529502e-04
6.580961893204268984e-04
6.486295406091602614e-04
6.476394568082463783e-04
6.430663656120209903e-04
6.247784250346089495e-04
6.021109030941405871e-04
5.757832177715896740e-04
5.743399917541146954e-04
5.625882508044327112e-04
5.599261760818249889e-04
5.320195047633627296e-04
5.250209120415960662e-04
5.249667830251776579e-04
5.132727747353307401e-04
5.041396600510262248e-04
5.041364844700631058e-04
4.868108292436705391e-04
4.855728042665779023e-04
4.582873773212210733e-04
4.426882925342703543e-04
4.351507065129163465e-04
4.207447500740959558e-04
4.206336961965818390e-04
3.982661604267773159e-04
3.901169206156082994e-04
3.808183783997154230e-04
3.779062652508235944e-04
3.734493155957752976e-04
3.728793860873109989e-04
3.479342714175345450e-04
3.333928787517632594e-04
3.286557308387347623e-04
3.245047759875771282e-04
3.168078565777606576e-04
3.038028571133119006e-04
2.919631360887263438e-04
2.834297852939079987e-04
2.826182819753234043e-04
2.783812284624567063e-04
2.328294360005320543e-04
2.072651922049098538e-04
1.890905954166320624e-04
1.627937382006981043e-04
1.586558808403543824e-04
1.558985519827527089e-04
1.497907894696124190e-04
1.403761410849358338e-04
1.333738377248365470e-04
1.103199265951428434e-04
5.904988887603900005e-05
0.000000000000000000e+00
0.000000000000000000e+00
0.000000000000000000e+00
0.000000000000000000e+00
0.000000000000000000e+00
0.000000000000000000e+00
0.000000000000000000e+00
0.000000000000000000e+00
0.000000000000000000e+00
0.000000000000000000e+00
0.000000000000000000e+00
0.000000000000000000e+00
0.000000000000000000e+00
0.000000000000000000e+00
0.000000000000000000e+00
0.000000000000000000e+00
0.000000000000000000e+00
0.000000000000000000e+00
0.000000000000000000e+00
0.000000000000000000e+00
0.000000000000000000e+00
0.000000000000000000e+00
0.000000000000000000e+00
0.000000000000000000e+00
0.000000000000000000e+00
0.000000000000000000e+00
0.000000000000000000e+00
0.000000000000000000e+00
0.000000000000000000e+00
0.000000000000000000e+00
0.000000000000000000e+00
0.000000000000000000e+00
0.000000000000000000e+00
0.000000000000000000e+00
0.000000000000000000e+00
0.000000000000000000e+00
0.000000000000000000e+00
0.000000000000000000e+00
0.000000000000000000e+00
0.000000000000000000e+00
0.000000000000000000e+00
0.000000000000000000e+00
0.000000000000000000e+00
0.000000000000000000e+00
0.000000000000000000e+00
0.000000000000000000e+00
0.000000000000000000e+00
0.000000000000000000e+00
0.000000000000000000e+00
0.000000000000000000e+00
0.000000000000000000e+00
0.000000000000000000e+00
0.000000000000000000e+00
0.000000000000000000e+00
0.000000000000000000e+00
0.000000000000000000e+00
0.000000000000000000e+00
0.000000000000000000e+00
0.000000000000000000e+00
0.000000000000000000e+00
0.000000000000000000e+00
0.000000000000000000e+00
0.000000000000000000e+00
0.000000000000000000e+00
0.000000000000000000e+00
0.000000000000000000e+00
0.000000000000000000e+00
0.000000000000000000e+00
0.000000000000000000e+00
0.000000000000000000e+00
0.000000000000000000e+00
0.000000000000000000e+00
0.000000000000000000e+00
0.000000000000000000e+00
0.000000000000000000e+00
0.000000000000000000e+00
0.000000000000000000e+00
0.000000000000000000e+00
0.000000000000000000e+00
0.000000000000000000e+00
0.000000000000000000e+00
0.000000000000000000e+00
0.000000000000000000e+00
0.000000000000000000e+00
0.000000000000000000e+00
0.000000000000000000e+00
0.000000000000000000e+00
0.000000000000000000e+00
0.000000000000000000e+00
0.000000000000000000e+00
0.000000000000000000e+00
0.000000000000000000e+00
0.000000000000000000e+00
0.000000000000000000e+00
0.000000000000000000e+00
0.000000000000000000e+00
0.000000000000000000e+00
0.000000000000000000e+00
0.000000000000000000e+00
0.000000000000000000e+00
0.000000000000000000e+00
0.000000000000000000e+00
0.000000000000000000e+00
0.000000000000000000e+00
0.000000000000000000e+00
0.000000000000000000e+00
0.000000000000000000e+00
0.000000000000000000e+00
0.000000000000000000e+00
0.000000000000000000e+00
0.000000000000000000e+00
0.000000000000000000e+00
0.000000000000000000e+00
0.000000000000000000e+00
0.000000000000000000e+00
0.000000000000000000e+00
0.000000000000000000e+00
0.000000000000000000e+00
0.000000000000000000e+00
0.000000000000000000e+00
0.000000000000000000e+00
0.000000000000000000e+00
0.000000000000000000e+00
0.000000000000000000e+00
0.000000000000000000e+00
0.000000000000000000e+00
0.000000000000000000e+00
0.000000000000000000e+00
0.000000000000000000e+00
0.000000000000000000e+00
0.000000000000000000e+00
0.000000000000000000e+00
0.000000000000000000e+00
0.000000000000000000e+00
0.000000000000000000e+00
0.000000000000000000e+00
0.000000000000000000e+00
0.000000000000000000e+00
0.000000000000000000e+00
0.000000000000000000e+00
0.000000000000000000e+00
0.000000000000000000e+00
0.000000000000000000e+00
0.000000000000000000e+00
0.000000000000000000e+00
0.000000000000000000e+00
0.000000000000000000e+00
0.000000000000000000e+00
0.000000000000000000e+00
0.000000000000000000e+00
0.000000000000000000e+00
0.000000000000000000e+00
0.000000000000000000e+00
0.000000000000000000e+00
0.000000000000000000e+00
0.000000000000000000e+00
0.000000000000000000e+00
0.000000000000000000e+00
0.000000000000000000e+00
0.000000000000000000e+00
0.000000000000000000e+00
0.000000000000000000e+00
0.000000000000000000e+00
0.000000000000000000e+00
0.000000000000000000e+00
0.000000000000000000e+00
0.000000000000000000e+00
0.000000000000000000e+00
0.000000000000000000e+00
0.000000000000000000e+00
0.000000000000000000e+00
0.000000000000000000e+00
0.000000000000000000e+00
0.000000000000000000e+00
0.000000000000000000e+00
0.000000000000000000e+00
0.000000000000000000e+00
0.000000000000000000e+00
0.000000000000000000e+00
0.000000000000000000e+00
0.000000000000000000e+00
0.000000000000000000e+00
0.000000000000000000e+00
0.000000000000000000e+00
0.000000000000000000e+00
0.000000000000000000e+00
0.000000000000000000e+00
0.000000000000000000e+00
0.000000000000000000e+00
0.000000000000000000e+00
0.000000000000000000e+00
0.000000000000000000e+00
0.000000000000000000e+00
0.000000000000000000e+00
0.000000000000000000e+00
0.000000000000000000e+00
0.000000000000000000e+00
0.000000000000000000e+00
0.000000000000000000e+00
0.000000000000000000e+00
0.000000000000000000e+00
0.000000000000000000e+00
0.000000000000000000e+00
0.000000000000000000e+00
0.000000000000000000e+00
0.000000000000000000e+00
0.000000000000000000e+00
0.000000000000000000e+00
0.000000000000000000e+00
0.000000000000000000e+00
0.000000000000000000e+00
0.000000000000000000e+00
0.000000000000000000e+00
0.000000000000000000e+00
0.000000000000000000e+00
0.000000000000000000e+00
0.000000000000000000e+00
0.000000000000000000e+00
0.000000000000000000e+00
0.000000000000000000e+00
0.000000000000000000e+00
0.000000000000000000e+00
0.000000000000000000e+00
0.000000000000000000e+00
0.000000000000000000e+00
0.000000000000000000e+00
0.000000000000000000e+00
0.000000000000000000e+00
0.000000000000000000e+00
0.000000000000000000e+00
0.000000000000000000e+00
0.000000000000000000e+00
0.000000000000000000e+00
0.000000000000000000e+00
0.000000000000000000e+00
0.000000000000000000e+00
0.000000000000000000e+00
0.000000000000000000e+00
0.000000000000000000e+00
0.000000000000000000e+00
0.000000000000000000e+00
0.000000000000000000e+00
0.000000000000000000e+00
0.000000000000000000e+00
0.000000000000000000e+00
0.000000000000000000e+00
0.000000000000000000e+00
0.000000000000000000e+00
0.000000000000000000e+00
0.000000000000000000e+00
0.000000000000000000e+00
0.000000000000000000e+00
0.000000000000000000e+00
0.000000000000000000e+00
0.000000000000000000e+00
0.000000000000000000e+00
0.000000000000000000e+00
0.000000000000000000e+00
0.000000000000000000e+00
0.000000000000000000e+00
0.000000000000000000e+00
0.000000000000000000e+00
0.000000000000000000e+00
0.000000000000000000e+00
0.000000000000000000e+00
0.000000000000000000e+00
0.000000000000000000e+00
0.000000000000000000e+00
0.000000000000000000e+00
0.000000000000000000e+00
0.000000000000000000e+00
0.000000000000000000e+00
0.000000000000000000e+00
0.000000000000000000e+00
0.000000000000000000e+00
0.000000000000000000e+00
0.000000000000000000e+00
0.000000000000000000e+00
0.000000000000000000e+00
0.000000000000000000e+00
0.000000000000000000e+00
0.000000000000000000e+00
0.000000000000000000e+00
0.000000000000000000e+00
0.000000000000000000e+00
0.000000000000000000e+00
0.000000000000000000e+00
0.000000000000000000e+00
0.000000000000000000e+00
0.000000000000000000e+00
0.000000000000000000e+00
0.000000000000000000e+00
0.000000000000000000e+00
0.000000000000000000e+00
0.000000000000000000e+00
0.000000000000000000e+00
0.000000000000000000e+00
0.000000000000000000e+00
0.000000000000000000e+00
0.000000000000000000e+00
0.000000000000000000e+00
0.000000000000000000e+00
0.000000000000000000e+00
0.000000000000000000e+00
0.000000000000000000e+00
0.000000000000000000e+00
0.000000000000000000e+00
0.000000000000000000e+00
0.000000000000000000e+00
0.000000000000000000e+00
0.000000000000000000e+00
0.000000000000000000e+00
0.000000000000000000e+00
0.000000000000000000e+00
0.000000000000000000e+00
0.000000000000000000e+00
0.000000000000000000e+00
0.000000000000000000e+00
0.000000000000000000e+00
0.000000000000000000e+00
0.000000000000000000e+00
0.000000000000000000e+00
0.000000000000000000e+00
0.000000000000000000e+00
0.000000000000000000e+00
0.000000000000000000e+00
0.000000000000000000e+00
0.000000000000000000e+00
0.000000000000000000e+00
0.000000000000000000e+00
0.000000000000000000e+00
0.000000000000000000e+00
0.000000000000000000e+00
0.000000000000000000e+00
0.000000000000000000e+00
0.000000000000000000e+00
0.000000000000000000e+00
0.000000000000000000e+00
0.000000000000000000e+00
0.000000000000000000e+00
0.000000000000000000e+00
0.000000000000000000e+00
0.000000000000000000e+00
0.000000000000000000e+00
0.000000000000000000e+00
0.000000000000000000e+00
0.000000000000000000e+00
0.000000000000000000e+00
0.000000000000000000e+00
0.000000000000000000e+00
0.000000000000000000e+00
0.000000000000000000e+00
0.000000000000000000e+00
0.000000000000000000e+00
0.000000000000000000e+00
0.000000000000000000e+00
0.000000000000000000e+00
0.000000000000000000e+00
0.000000000000000000e+00
0.000000000000000000e+00
0.000000000000000000e+00
0.000000000000000000e+00
0.000000000000000000e+00
0.000000000000000000e+00
0.000000000000000000e+00
0.000000000000000000e+00
0.000000000000000000e+00
0.000000000000000000e+00
0.000000000000000000e+00
0.000000000000000000e+00
0.000000000000000000e+00
0.000000000000000000e+00
0.000000000000000000e+00
0.000000000000000000e+00
0.000000000000000000e+00
0.000000000000000000e+00
0.000000000000000000e+00
0.000000000000000000e+00
0.000000000000000000e+00
0.000000000000000000e+00
0.000000000000000000e+00
0.000000000000000000e+00
0.000000000000000000e+00
0.000000000000000000e+00
0.000000000000000000e+00
0.000000000000000000e+00
0.000000000000000000e+00
0.000000000000000000e+00
0.000000000000000000e+00
0.000000000000000000e+00
0.000000000000000000e+00
0.000000000000000000e+00
0.000000000000000000e+00
0.000000000000000000e+00
0.000000000000000000e+00
0.000000000000000000e+00
0.000000000000000000e+00
0.000000000000000000e+00
0.000000000000000000e+00
0.000000000000000000e+00
0.000000000000000000e+00
0.000000000000000000e+00
0.000000000000000000e+00
0.000000000000000000e+00
0.000000000000000000e+00
0.000000000000000000e+00
0.000000000000000000e+00
0.000000000000000000e+00
0.000000000000000000e+00
0.000000000000000000e+00
0.000000000000000000e+00
0.000000000000000000e+00
0.000000000000000000e+00
0.000000000000000000e+00
0.000000000000000000e+00
0.000000000000000000e+00
0.000000000000000000e+00
0.000000000000000000e+00
0.000000000000000000e+00
0.000000000000000000e+00
0.000000000000000000e+00
0.000000000000000000e+00
0.000000000000000000e+00
0.000000000000000000e+00
0.000000000000000000e+00
0.000000000000000000e+00
0.000000000000000000e+00
0.000000000000000000e+00
0.000000000000000000e+00
0.000000000000000000e+00
0.000000000000000000e+00
0.000000000000000000e+00
0.000000000000000000e+00
0.000000000000000000e+00
0.000000000000000000e+00
0.000000000000000000e+00
0.000000000000000000e+00
0.000000000000000000e+00
0.000000000000000000e+00
0.000000000000000000e+00
0.000000000000000000e+00
0.000000000000000000e+00
0.000000000000000000e+00
0.000000000000000000e+00
0.000000000000000000e+00
0.000000000000000000e+00
0.000000000000000000e+00
0.000000000000000000e+00
0.000000000000000000e+00
0.000000000000000000e+00
0.000000000000000000e+00
0.000000000000000000e+00
0.000000000000000000e+00
0.000000000000000000e+00
0.000000000000000000e+00
0.000000000000000000e+00
0.000000000000000000e+00
0.000000000000000000e+00
0.000000000000000000e+00
0.000000000000000000e+00
0.000000000000000000e+00
0.000000000000000000e+00
0.000000000000000000e+00
0.000000000000000000e+00
0.000000000000000000e+00
0.000000000000000000e+00
0.000000000000000000e+00
0.000000000000000000e+00
0.000000000000000000e+00
0.000000000000000000e+00
0.000000000000000000e+00
0.000000000000000000e+00
0.000000000000000000e+00
0.000000000000000000e+00
0.000000000000000000e+00
0.000000000000000000e+00
0.000000000000000000e+00
0.000000000000000000e+00
0.000000000000000000e+00
0.000000000000000000e+00
0.000000000000000000e+00
0.000000000000000000e+00
0.000000000000000000e+00
0.000000000000000000e+00
0.000000000000000000e+00
0.000000000000000000e+00
0.000000000000000000e+00
0.000000000000000000e+00
0.000000000000000000e+00
0.000000000000000000e+00
0.000000000000000000e+00
0.000000000000000000e+00
0.000000000000000000e+00
0.000000000000000000e+00
0.000000000000000000e+00
0.000000000000000000e+00
0.000000000000000000e+00
0.000000000000000000e+00
0.000000000000000000e+00
0.000000000000000000e+00
0.000000000000000000e+00
0.000000000000000000e+00
0.000000000000000000e+00
0.000000000000000000e+00
0.000000000000000000e+00
0.000000000000000000e+00
0.000000000000000000e+00
0.000000000000000000e+00
0.000000000000000000e+00
0.000000000000000000e+00
0.000000000000000000e+00
0.000000000000000000e+00
0.000000000000000000e+00
0.000000000000000000e+00
0.000000000000000000e+00
0.000000000000000000e+00
0.000000000000000000e+00
0.000000000000000000e+00
0.000000000000000000e+00
0.000000000000000000e+00
0.000000000000000000e+00
0.000000000000000000e+00
0.000000000000000000e+00
0.000000000000000000e+00
0.000000000000000000e+00
0.000000000000000000e+00
0.000000000000000000e+00
0.000000000000000000e+00
0.000000000000000000e+00
0.000000000000000000e+00
0.000000000000000000e+00
0.000000000000000000e+00
0.000000000000000000e+00
0.000000000000000000e+00
0.000000000000000000e+00
0.000000000000000000e+00
0.000000000000000000e+00
0.000000000000000000e+00
0.000000000000000000e+00
0.000000000000000000e+00
0.000000000000000000e+00
0.000000000000000000e+00
0.000000000000000000e+00
0.000000000000000000e+00
0.000000000000000000e+00
0.000000000000000000e+00
0.000000000000000000e+00
0.000000000000000000e+00
0.000000000000000000e+00
0.000000000000000000e+00
0.000000000000000000e+00
0.000000000000000000e+00
0.000000000000000000e+00
0.000000000000000000e+00
0.000000000000000000e+00
0.000000000000000000e+00
0.000000000000000000e+00
0.000000000000000000e+00
0.000000000000000000e+00
0.000000000000000000e+00
0.000000000000000000e+00
0.000000000000000000e+00
0.000000000000000000e+00
0.000000000000000000e+00
0.000000000000000000e+00
0.000000000000000000e+00
0.000000000000000000e+00
0.000000000000000000e+00
0.000000000000000000e+00
0.000000000000000000e+00
0.000000000000000000e+00
0.000000000000000000e+00
0.000000000000000000e+00
0.000000000000000000e+00
0.000000000000000000e+00
0.000000000000000000e+00
0.000000000000000000e+00
0.000000000000000000e+00
0.000000000000000000e+00
0.000000000000000000e+00
0.000000000000000000e+00
0.000000000000000000e+00
0.000000000000000000e+00
0.000000000000000000e+00
0.000000000000000000e+00
0.000000000000000000e+00
0.000000000000000000e+00
0.000000000000000000e+00
0.000000000000000000e+00
0.000000000000000000e+00
0.000000000000000000e+00
0.000000000000000000e+00
0.000000000000000000e+00
0.000000000000000000e+00
0.000000000000000000e+00
0.000000000000000000e+00
0.000000000000000000e+00
0.000000000000000000e+00
0.000000000000000000e+00
0.000000000000000000e+00
0.000000000000000000e+00
0.000000000000000000e+00
0.000000000000000000e+00
0.000000000000000000e+00
0.000000000000000000e+00
0.000000000000000000e+00
0.000000000000000000e+00
0.000000000000000000e+00
0.000000000000000000e+00
0.000000000000000000e+00
0.000000000000000000e+00
0.000000000000000000e+00
0.000000000000000000e+00
0.000000000000000000e+00
0.000000000000000000e+00
0.000000000000000000e+00
0.000000000000000000e+00
0.000000000000000000e+00
0.000000000000000000e+00
0.000000000000000000e+00
0.000000000000000000e+00
0.000000000000000000e+00
0.000000000000000000e+00
0.000000000000000000e+00
0.000000000000000000e+00
0.000000000000000000e+00
0.000000000000000000e+00
0.000000000000000000e+00
0.000000000000000000e+00
0.000000000000000000e+00
0.000000000000000000e+00
0.000000000000000000e+00
0.000000000000000000e+00
0.000000000000000000e+00
0.000000000000000000e+00
0.000000000000000000e+00
0.000000000000000000e+00
0.000000000000000000e+00
0.000000000000000000e+00
0.000000000000000000e+00
0.000000000000000000e+00
0.000000000000000000e+00
0.000000000000000000e+00
0.000000000000000000e+00
0.000000000000000000e+00
0.000000000000000000e+00
0.000000000000000000e+00
0.000000000000000000e+00
0.000000000000000000e+00
0.000000000000000000e+00
0.000000000000000000e+00
0.000000000000000000e+00
0.000000000000000000e+00
0.000000000000000000e+00
0.000000000000000000e+00
0.000000000000000000e+00
0.000000000000000000e+00
0.000000000000000000e+00
0.000000000000000000e+00
0.000000000000000000e+00
0.000000000000000000e+00
0.000000000000000000e+00
0.000000000000000000e+00
0.000000000000000000e+00
0.000000000000000000e+00
0.000000000000000000e+00
0.000000000000000000e+00
0.000000000000000000e+00
0.000000000000000000e+00
0.000000000000000000e+00
0.000000000000000000e+00
0.000000000000000000e+00
0.000000000000000000e+00
0.000000000000000000e+00
0.000000000000000000e+00
0.000000000000000000e+00
0.000000000000000000e+00
0.000000000000000000e+00
0.000000000000000000e+00
0.000000000000000000e+00
0.000000000000000000e+00
0.000000000000000000e+00
0.000000000000000000e+00
0.000000000000000000e+00
0.000000000000000000e+00
0.000000000000000000e+00
0.000000000000000000e+00
0.000000000000000000e+00
0.000000000000000000e+00
0.000000000000000000e+00
0.000000000000000000e+00
0.000000000000000000e+00
0.000000000000000000e+00
0.000000000000000000e+00
0.000000000000000000e+00
0.000000000000000000e+00
0.000000000000000000e+00
0.000000000000000000e+00
0.000000000000000000e+00
0.000000000000000000e+00
0.000000000000000000e+00
0.000000000000000000e+00
0.000000000000000000e+00
0.000000000000000000e+00
0.000000000000000000e+00
0.000000000000000000e+00
0.000000000000000000e+00
0.000000000000000000e+00
0.000000000000000000e+00
0.000000000000000000e+00
0.000000000000000000e+00
0.000000000000000000e+00
0.000000000000000000e+00
0.000000000000000000e+00
0.000000000000000000e+00
0.000000000000000000e+00
0.000000000000000000e+00
0.000000000000000000e+00
0.000000000000000000e+00
0.000000000000000000e+00
0.000000000000000000e+00
0.000000000000000000e+00
0.000000000000000000e+00
0.000000000000000000e+00
0.000000000000000000e+00
0.000000000000000000e+00
0.000000000000000000e+00
0.000000000000000000e+00
0.000000000000000000e+00
0.000000000000000000e+00
0.000000000000000000e+00
0.000000000000000000e+00
0.000000000000000000e+00
0.000000000000000000e+00
0.000000000000000000e+00
0.000000000000000000e+00
0.000000000000000000e+00
0.000000000000000000e+00
0.000000000000000000e+00
0.000000000000000000e+00
0.000000000000000000e+00
0.000000000000000000e+00
0.000000000000000000e+00
0.000000000000000000e+00
0.000000000000000000e+00
0.000000000000000000e+00
0.000000000000000000e+00
0.000000000000000000e+00
0.000000000000000000e+00
0.000000000000000000e+00
0.000000000000000000e+00
0.000000000000000000e+00
0.000000000000000000e+00
0.000000000000000000e+00
0.000000000000000000e+00
0.000000000000000000e+00
0.000000000000000000e+00
0.000000000000000000e+00
0.000000000000000000e+00
0.000000000000000000e+00
0.000000000000000000e+00
0.000000000000000000e+00
0.000000000000000000e+00
0.000000000000000000e+00
0.000000000000000000e+00
0.000000000000000000e+00
0.000000000000000000e+00
0.000000000000000000e+00
0.000000000000000000e+00
0.000000000000000000e+00
0.000000000000000000e+00
0.000000000000000000e+00
0.000000000000000000e+00
0.000000000000000000e+00
0.000000000000000000e+00
0.000000000000000000e+00
0.000000000000000000e+00
0.000000000000000000e+00
0.000000000000000000e+00
0.000000000000000000e+00
0.000000000000000000e+00
0.000000000000000000e+00
0.000000000000000000e+00
0.000000000000000000e+00
0.000000000000000000e+00
0.000000000000000000e+00
0.000000000000000000e+00
0.000000000000000000e+00
0.000000000000000000e+00
0.000000000000000000e+00
0.000000000000000000e+00
0.000000000000000000e+00
0.000000000000000000e+00
0.000000000000000000e+00
0.000000000000000000e+00
0.000000000000000000e+00
0.000000000000000000e+00
0.000000000000000000e+00
0.000000000000000000e+00
0.000000000000000000e+00
0.000000000000000000e+00
0.000000000000000000e+00
0.000000000000000000e+00
0.000000000000000000e+00
0.000000000000000000e+00
0.000000000000000000e+00
0.000000000000000000e+00
0.000000000000000000e+00
0.000000000000000000e+00
0.000000000000000000e+00
0.000000000000000000e+00
0.000000000000000000e+00
0.000000000000000000e+00
0.000000000000000000e+00
0.000000000000000000e+00
0.000000000000000000e+00
0.000000000000000000e+00
0.000000000000000000e+00
0.000000000000000000e+00
0.000000000000000000e+00
0.000000000000000000e+00
0.000000000000000000e+00
0.000000000000000000e+00
0.000000000000000000e+00
0.000000000000000000e+00
0.000000000000000000e+00
0.000000000000000000e+00
0.000000000000000000e+00
0.000000000000000000e+00
0.000000000000000000e+00
0.000000000000000000e+00
0.000000000000000000e+00
0.000000000000000000e+00
0.000000000000000000e+00
0.000000000000000000e+00
0.000000000000000000e+00
0.000000000000000000e+00
0.000000000000000000e+00
0.000000000000000000e+00
0.000000000000000000e+00
0.000000000000000000e+00
0.000000000000000000e+00
0.000000000000000000e+00
0.000000000000000000e+00
0.000000000000000000e+00
0.000000000000000000e+00
0.000000000000000000e+00
0.000000000000000000e+00
0.000000000000000000e+00
0.000000000000000000e+00
0.000000000000000000e+00
0.000000000000000000e+00
0.000000000000000000e+00
0.000000000000000000e+00
0.000000000000000000e+00
0.000000000000000000e+00
0.000000000000000000e+00
0.000000000000000000e+00
0.000000000000000000e+00
0.000000000000000000e+00
0.000000000000000000e+00
0.000000000000000000e+00
0.000000000000000000e+00
0.000000000000000000e+00
0.000000000000000000e+00
0.000000000000000000e+00
0.000000000000000000e+00
0.000000000000000000e+00
0.000000000000000000e+00
0.000000000000000000e+00
0.000000000000000000e+00
0.000000000000000000e+00
0.000000000000000000e+00
0.000000000000000000e+00
0.000000000000000000e+00
0.000000000000000000e+00
0.000000000000000000e+00
0.000000000000000000e+00
0.000000000000000000e+00
0.000000000000000000e+00
0.000000000000000000e+00
0.000000000000000000e+00
0.000000000000000000e+00
0.000000000000000000e+00
0.000000000000000000e+00
0.000000000000000000e+00
0.000000000000000000e+00
0.000000000000000000e+00
0.000000000000000000e+00
0.000000000000000000e+00
0.000000000000000000e+00
0.000000000000000000e+00
0.000000000000000000e+00
0.000000000000000000e+00
0.000000000000000000e+00
0.000000000000000000e+00
0.000000000000000000e+00
0.000000000000000000e+00
0.000000000000000000e+00
0.000000000000000000e+00
0.000000000000000000e+00
0.000000000000000000e+00
0.000000000000000000e+00
0.000000000000000000e+00
0.000000000000000000e+00
0.000000000000000000e+00
0.000000000000000000e+00
0.000000000000000000e+00
0.000000000000000000e+00
0.000000000000000000e+00
0.000000000000000000e+00
0.000000000000000000e+00
0.000000000000000000e+00
0.000000000000000000e+00
0.000000000000000000e+00
0.000000000000000000e+00
0.000000000000000000e+00
0.000000000000000000e+00
0.000000000000000000e+00
0.000000000000000000e+00
0.000000000000000000e+00
0.000000000000000000e+00
0.000000000000000000e+00
0.000000000000000000e+00
0.000000000000000000e+00
0.000000000000000000e+00
0.000000000000000000e+00
0.000000000000000000e+00
0.000000000000000000e+00
0.000000000000000000e+00
0.000000000000000000e+00
0.000000000000000000e+00
0.000000000000000000e+00
0.000000000000000000e+00
0.000000000000000000e+00
0.000000000000000000e+00
0.000000000000000000e+00
0.000000000000000000e+00
0.000000000000000000e+00
0.000000000000000000e+00
0.000000000000000000e+00
0.000000000000000000e+00
0.000000000000000000e+00
0.000000000000000000e+00
0.000000000000000000e+00
0.000000000000000000e+00
0.000000000000000000e+00
0.000000000000000000e+00
0.000000000000000000e+00
0.000000000000000000e+00
0.000000000000000000e+00
0.000000000000000000e+00
0.000000000000000000e+00
0.000000000000000000e+00
0.000000000000000000e+00
0.000000000000000000e+00
0.000000000000000000e+00
0.000000000000000000e+00
0.000000000000000000e+00
0.000000000000000000e+00
0.000000000000000000e+00
0.000000000000000000e+00
0.000000000000000000e+00
0.000000000000000000e+00
0.000000000000000000e+00
0.000000000000000000e+00
0.000000000000000000e+00
0.000000000000000000e+00
0.000000000000000000e+00
0.000000000000000000e+00
0.000000000000000000e+00
0.000000000000000000e+00
0.000000000000000000e+00
0.000000000000000000e+00
0.000000000000000000e+00
0.000000000000000000e+00
0.000000000000000000e+00
0.000000000000000000e+00
0.000000000000000000e+00
0.000000000000000000e+00
0.000000000000000000e+00
0.000000000000000000e+00
0.000000000000000000e+00
0.000000000000000000e+00
0.000000000000000000e+00
0.000000000000000000e+00
0.000000000000000000e+00
0.000000000000000000e+00
0.000000000000000000e+00
0.000000000000000000e+00
0.000000000000000000e+00
0.000000000000000000e+00
0.000000000000000000e+00
0.000000000000000000e+00
0.000000000000000000e+00
0.000000000000000000e+00
0.000000000000000000e+00
0.000000000000000000e+00
0.000000000000000000e+00
0.000000000000000000e+00
0.000000000000000000e+00
0.000000000000000000e+00
0.000000000000000000e+00
0.000000000000000000e+00
0.000000000000000000e+00
0.000000000000000000e+00
0.000000000000000000e+00
0.000000000000000000e+00
0.000000000000000000e+00
0.000000000000000000e+00
0.000000000000000000e+00
0.000000000000000000e+00
0.000000000000000000e+00
0.000000000000000000e+00
0.000000000000000000e+00
0.000000000000000000e+00
0.000000000000000000e+00
0.000000000000000000e+00
0.000000000000000000e+00
0.000000000000000000e+00
0.000000000000000000e+00
0.000000000000000000e+00
0.000000000000000000e+00
0.000000000000000000e+00
0.000000000000000000e+00
0.000000000000000000e+00
0.000000000000000000e+00
0.000000000000000000e+00
0.000000000000000000e+00
0.000000000000000000e+00
0.000000000000000000e+00
0.000000000000000000e+00
0.000000000000000000e+00
0.000000000000000000e+00
0.000000000000000000e+00
0.000000000000000000e+00
0.000000000000000000e+00
0.000000000000000000e+00
0.000000000000000000e+00
0.000000000000000000e+00
0.000000000000000000e+00
0.000000000000000000e+00
0.000000000000000000e+00
0.000000000000000000e+00
0.000000000000000000e+00
0.000000000000000000e+00
0.000000000000000000e+00
0.000000000000000000e+00
0.000000000000000000e+00
0.000000000000000000e+00
0.000000000000000000e+00
0.000000000000000000e+00
0.000000000000000000e+00
0.000000000000000000e+00
0.000000000000000000e+00
0.000000000000000000e+00
0.000000000000000000e+00
0.000000000000000000e+00
0.000000000000000000e+00
0.000000000000000000e+00
0.000000000000000000e+00
0.000000000000000000e+00
0.000000000000000000e+00
0.000000000000000000e+00
0.000000000000000000e+00
0.000000000000000000e+00
0.000000000000000000e+00
0.000000000000000000e+00
0.000000000000000000e+00
0.000000000000000000e+00
0.000000000000000000e+00
0.000000000000000000e+00
0.000000000000000000e+00
0.000000000000000000e+00
0.000000000000000000e+00
0.000000000000000000e+00
0.000000000000000000e+00
0.000000000000000000e+00
0.000000000000000000e+00
0.000000000000000000e+00
0.000000000000000000e+00
0.000000000000000000e+00
0.000000000000000000e+00
0.000000000000000000e+00
0.000000000000000000e+00
0.000000000000000000e+00
0.000000000000000000e+00
0.000000000000000000e+00
0.000000000000000000e+00
0.000000000000000000e+00
0.000000000000000000e+00
0.000000000000000000e+00
0.000000000000000000e+00
0.000000000000000000e+00
0.000000000000000000e+00
0.000000000000000000e+00
0.000000000000000000e+00
0.000000000000000000e+00
0.000000000000000000e+00
0.000000000000000000e+00
0.000000000000000000e+00
0.000000000000000000e+00
0.000000000000000000e+00
0.000000000000000000e+00
0.000000000000000000e+00
0.000000000000000000e+00
0.000000000000000000e+00
0.000000000000000000e+00
0.000000000000000000e+00
0.000000000000000000e+00
0.000000000000000000e+00
0.000000000000000000e+00
0.000000000000000000e+00
0.000000000000000000e+00
0.000000000000000000e+00
0.000000000000000000e+00
0.000000000000000000e+00
0.000000000000000000e+00
0.000000000000000000e+00
0.000000000000000000e+00
0.000000000000000000e+00
0.000000000000000000e+00
0.000000000000000000e+00
0.000000000000000000e+00
0.000000000000000000e+00
0.000000000000000000e+00
0.000000000000000000e+00
0.000000000000000000e+00
0.000000000000000000e+00
0.000000000000000000e+00
0.000000000000000000e+00
0.000000000000000000e+00
0.000000000000000000e+00
0.000000000000000000e+00
0.000000000000000000e+00
0.000000000000000000e+00
0.000000000000000000e+00
0.000000000000000000e+00
0.000000000000000000e+00
0.000000000000000000e+00
0.000000000000000000e+00
0.000000000000000000e+00
0.000000000000000000e+00
0.000000000000000000e+00
0.000000000000000000e+00
0.000000000000000000e+00
0.000000000000000000e+00
0.000000000000000000e+00
0.000000000000000000e+00
0.000000000000000000e+00
0.000000000000000000e+00
0.000000000000000000e+00
0.000000000000000000e+00
0.000000000000000000e+00
0.000000000000000000e+00
0.000000000000000000e+00
0.000000000000000000e+00
0.000000000000000000e+00
0.000000000000000000e+00
0.000000000000000000e+00
0.000000000000000000e+00
0.000000000000000000e+00
0.000000000000000000e+00
0.000000000000000000e+00
0.000000000000000000e+00
0.000000000000000000e+00
0.000000000000000000e+00
0.000000000000000000e+00
0.000000000000000000e+00
0.000000000000000000e+00
0.000000000000000000e+00
0.000000000000000000e+00
0.000000000000000000e+00
0.000000000000000000e+00
0.000000000000000000e+00
0.000000000000000000e+00
0.000000000000000000e+00
0.000000000000000000e+00
0.000000000000000000e+00
0.000000000000000000e+00
0.000000000000000000e+00
0.000000000000000000e+00
0.000000000000000000e+00
0.000000000000000000e+00
0.000000000000000000e+00
0.000000000000000000e+00
0.000000000000000000e+00
0.000000000000000000e+00
0.000000000000000000e+00
0.000000000000000000e+00
0.000000000000000000e+00
0.000000000000000000e+00
0.000000000000000000e+00
0.000000000000000000e+00
0.000000000000000000e+00
0.000000000000000000e+00
0.000000000000000000e+00
0.000000000000000000e+00
0.000000000000000000e+00
0.000000000000000000e+00
0.000000000000000000e+00
0.000000000000000000e+00
0.000000000000000000e+00
0.000000000000000000e+00
0.000000000000000000e+00
0.000000000000000000e+00
0.000000000000000000e+00
0.000000000000000000e+00
0.000000000000000000e+00
0.000000000000000000e+00
0.000000000000000000e+00
0.000000000000000000e+00
0.000000000000000000e+00
0.000000000000000000e+00
0.000000000000000000e+00
0.000000000000000000e+00
0.000000000000000000e+00
0.000000000000000000e+00
0.000000000000000000e+00
0.000000000000000000e+00
0.000000000000000000e+00
0.000000000000000000e+00
0.000000000000000000e+00
0.000000000000000000e+00
0.000000000000000000e+00
0.000000000000000000e+00
0.000000000000000000e+00
0.000000000000000000e+00
0.000000000000000000e+00
0.000000000000000000e+00
0.000000000000000000e+00
0.000000000000000000e+00
0.000000000000000000e+00
0.000000000000000000e+00
0.000000000000000000e+00
0.000000000000000000e+00
0.000000000000000000e+00
0.000000000000000000e+00
0.000000000000000000e+00
0.000000000000000000e+00
0.000000000000000000e+00
0.000000000000000000e+00
0.000000000000000000e+00
0.000000000000000000e+00
0.000000000000000000e+00
0.000000000000000000e+00
0.000000000000000000e+00
0.000000000000000000e+00
0.000000000000000000e+00
0.000000000000000000e+00
0.000000000000000000e+00
0.000000000000000000e+00
0.000000000000000000e+00
0.000000000000000000e+00
0.000000000000000000e+00
0.000000000000000000e+00
0.000000000000000000e+00
0.000000000000000000e+00
0.000000000000000000e+00
0.000000000000000000e+00
0.000000000000000000e+00
0.000000000000000000e+00
0.000000000000000000e+00
0.000000000000000000e+00
0.000000000000000000e+00
0.000000000000000000e+00
0.000000000000000000e+00
0.000000000000000000e+00
0.000000000000000000e+00
0.000000000000000000e+00
0.000000000000000000e+00
0.000000000000000000e+00
0.000000000000000000e+00
0.000000000000000000e+00
0.000000000000000000e+00
0.000000000000000000e+00
0.000000000000000000e+00
0.000000000000000000e+00
0.000000000000000000e+00
0.000000000000000000e+00
0.000000000000000000e+00
0.000000000000000000e+00
0.000000000000000000e+00
0.000000000000000000e+00
0.000000000000000000e+00
0.000000000000000000e+00
0.000000000000000000e+00
0.000000000000000000e+00
0.000000000000000000e+00
0.000000000000000000e+00
0.000000000000000000e+00
0.000000000000000000e+00
0.000000000000000000e+00
0.000000000000000000e+00
0.000000000000000000e+00
0.000000000000000000e+00
0.000000000000000000e+00
0.000000000000000000e+00
0.000000000000000000e+00
0.000000000000000000e+00
0.000000000000000000e+00
0.000000000000000000e+00
0.000000000000000000e+00
0.000000000000000000e+00
0.000000000000000000e+00
0.000000000000000000e+00
0.000000000000000000e+00
0.000000000000000000e+00
0.000000000000000000e+00
0.000000000000000000e+00
0.000000000000000000e+00
0.000000000000000000e+00
0.000000000000000000e+00
0.000000000000000000e+00
0.000000000000000000e+00
0.000000000000000000e+00
0.000000000000000000e+00
0.000000000000000000e+00
0.000000000000000000e+00
0.000000000000000000e+00
0.000000000000000000e+00
0.000000000000000000e+00
0.000000000000000000e+00
0.000000000000000000e+00
0.000000000000000000e+00
0.000000000000000000e+00
0.000000000000000000e+00
0.000000000000000000e+00
0.000000000000000000e+00
0.000000000000000000e+00
0.000000000000000000e+00
0.000000000000000000e+00
0.000000000000000000e+00
0.000000000000000000e+00
0.000000000000000000e+00
0.000000000000000000e+00
0.000000000000000000e+00
0.000000000000000000e+00
0.000000000000000000e+00
0.000000000000000000e+00
0.000000000000000000e+00
0.000000000000000000e+00
0.000000000000000000e+00
0.000000000000000000e+00
0.000000000000000000e+00
0.000000000000000000e+00
0.000000000000000000e+00
0.000000000000000000e+00
0.000000000000000000e+00
0.000000000000000000e+00
0.000000000000000000e+00
0.000000000000000000e+00
0.000000000000000000e+00
0.000000000000000000e+00
0.000000000000000000e+00
0.000000000000000000e+00
0.000000000000000000e+00
0.000000000000000000e+00
0.000000000000000000e+00
0.000000000000000000e+00
0.000000000000000000e+00
0.000000000000000000e+00
0.000000000000000000e+00
0.000000000000000000e+00
0.000000000000000000e+00
0.000000000000000000e+00
0.000000000000000000e+00
0.000000000000000000e+00
0.000000000000000000e+00
0.000000000000000000e+00
0.000000000000000000e+00
0.000000000000000000e+00
0.000000000000000000e+00
0.000000000000000000e+00
0.000000000000000000e+00
0.000000000000000000e+00
0.000000000000000000e+00
0.000000000000000000e+00
0.000000000000000000e+00
0.000000000000000000e+00
0.000000000000000000e+00
0.000000000000000000e+00
0.000000000000000000e+00
0.000000000000000000e+00
0.000000000000000000e+00
0.000000000000000000e+00
0.000000000000000000e+00
0.000000000000000000e+00
0.000000000000000000e+00
0.000000000000000000e+00
0.000000000000000000e+00
0.000000000000000000e+00
0.000000000000000000e+00
0.000000000000000000e+00
0.000000000000000000e+00
0.000000000000000000e+00
0.000000000000000000e+00
0.000000000000000000e+00
0.000000000000000000e+00
0.000000000000000000e+00
0.000000000000000000e+00
0.000000000000000000e+00
0.000000000000000000e+00
0.000000000000000000e+00
0.000000000000000000e+00
0.000000000000000000e+00
0.000000000000000000e+00
0.000000000000000000e+00
0.000000000000000000e+00
0.000000000000000000e+00
0.000000000000000000e+00
0.000000000000000000e+00
0.000000000000000000e+00
0.000000000000000000e+00
0.000000000000000000e+00
0.000000000000000000e+00
0.000000000000000000e+00
0.000000000000000000e+00
0.000000000000000000e+00
0.000000000000000000e+00
0.000000000000000000e+00
0.000000000000000000e+00
0.000000000000000000e+00
0.000000000000000000e+00
0.000000000000000000e+00
0.000000000000000000e+00
0.000000000000000000e+00
0.000000000000000000e+00
0.000000000000000000e+00
0.000000000000000000e+00
0.000000000000000000e+00
0.000000000000000000e+00
0.000000000000000000e+00
0.000000000000000000e+00
0.000000000000000000e+00
0.000000000000000000e+00
0.000000000000000000e+00
0.000000000000000000e+00
0.000000000000000000e+00
0.000000000000000000e+00
0.000000000000000000e+00
0.000000000000000000e+00
0.000000000000000000e+00
0.000000000000000000e+00
0.000000000000000000e+00
0.000000000000000000e+00
0.000000000000000000e+00
0.000000000000000000e+00
0.000000000000000000e+00
0.000000000000000000e+00
0.000000000000000000e+00
0.000000000000000000e+00
0.000000000000000000e+00
0.000000000000000000e+00
0.000000000000000000e+00
0.000000000000000000e+00
0.000000000000000000e+00
0.000000000000000000e+00
0.000000000000000000e+00
0.000000000000000000e+00
0.000000000000000000e+00
0.000000000000000000e+00
0.000000000000000000e+00
0.000000000000000000e+00
0.000000000000000000e+00
0.000000000000000000e+00
0.000000000000000000e+00
0.000000000000000000e+00
0.000000000000000000e+00
0.000000000000000000e+00
0.000000000000000000e+00
0.000000000000000000e+00
0.000000000000000000e+00
0.000000000000000000e+00
0.000000000000000000e+00
0.000000000000000000e+00
0.000000000000000000e+00
0.000000000000000000e+00
0.000000000000000000e+00
0.000000000000000000e+00
0.000000000000000000e+00
0.000000000000000000e+00
0.000000000000000000e+00
0.000000000000000000e+00
0.000000000000000000e+00
0.000000000000000000e+00
0.000000000000000000e+00
0.000000000000000000e+00
0.000000000000000000e+00
0.000000000000000000e+00
0.000000000000000000e+00
0.000000000000000000e+00
0.000000000000000000e+00
0.000000000000000000e+00
0.000000000000000000e+00
0.000000000000000000e+00
0.000000000000000000e+00
0.000000000000000000e+00
0.000000000000000000e+00
0.000000000000000000e+00
0.000000000000000000e+00
0.000000000000000000e+00
0.000000000000000000e+00
0.000000000000000000e+00
0.000000000000000000e+00
0.000000000000000000e+00
0.000000000000000000e+00
0.000000000000000000e+00
0.000000000000000000e+00
0.000000000000000000e+00
0.000000000000000000e+00
0.000000000000000000e+00
0.000000000000000000e+00
0.000000000000000000e+00
0.000000000000000000e+00
0.000000000000000000e+00
0.000000000000000000e+00
0.000000000000000000e+00
0.000000000000000000e+00
0.000000000000000000e+00
0.000000000000000000e+00
0.000000000000000000e+00
0.000000000000000000e+00
0.000000000000000000e+00
0.000000000000000000e+00
0.000000000000000000e+00
0.000000000000000000e+00
0.000000000000000000e+00
0.000000000000000000e+00
0.000000000000000000e+00
0.000000000000000000e+00
0.000000000000000000e+00
0.000000000000000000e+00
0.000000000000000000e+00
0.000000000000000000e+00
0.000000000000000000e+00
0.000000000000000000e+00
0.000000000000000000e+00
0.000000000000000000e+00
0.000000000000000000e+00
0.000000000000000000e+00
0.000000000000000000e+00
0.000000000000000000e+00
0.000000000000000000e+00
0.000000000000000000e+00
0.000000000000000000e+00
0.000000000000000000e+00
0.000000000000000000e+00
0.000000000000000000e+00
0.000000000000000000e+00
0.000000000000000000e+00
0.000000000000000000e+00
0.000000000000000000e+00
0.000000000000000000e+00
0.000000000000000000e+00
0.000000000000000000e+00
0.000000000000000000e+00
0.000000000000000000e+00
0.000000000000000000e+00
0.000000000000000000e+00
0.000000000000000000e+00
0.000000000000000000e+00
0.000000000000000000e+00
0.000000000000000000e+00
0.000000000000000000e+00
0.000000000000000000e+00
0.000000000000000000e+00
0.000000000000000000e+00
0.000000000000000000e+00
0.000000000000000000e+00
0.000000000000000000e+00
0.000000000000000000e+00
0.000000000000000000e+00
0.000000000000000000e+00
0.000000000000000000e+00
0.000000000000000000e+00
0.000000000000000000e+00
0.000000000000000000e+00
0.000000000000000000e+00
0.000000000000000000e+00
0.000000000000000000e+00
0.000000000000000000e+00
0.000000000000000000e+00
0.000000000000000000e+00
0.000000000000000000e+00
0.000000000000000000e+00
0.000000000000000000e+00
0.000000000000000000e+00
0.000000000000000000e+00
0.000000000000000000e+00
0.000000000000000000e+00
0.000000000000000000e+00
0.000000000000000000e+00
0.000000000000000000e+00
0.000000000000000000e+00
0.000000000000000000e+00
0.000000000000000000e+00
0.000000000000000000e+00
0.000000000000000000e+00
0.000000000000000000e+00
0.000000000000000000e+00
0.000000000000000000e+00
0.000000000000000000e+00
0.000000000000000000e+00
0.000000000000000000e+00
0.000000000000000000e+00
0.000000000000000000e+00
0.000000000000000000e+00
0.000000000000000000e+00
0.000000000000000000e+00
0.000000000000000000e+00
0.000000000000000000e+00
0.000000000000000000e+00
0.000000000000000000e+00
0.000000000000000000e+00
0.000000000000000000e+00
0.000000000000000000e+00
0.000000000000000000e+00
0.000000000000000000e+00
0.000000000000000000e+00
0.000000000000000000e+00
0.000000000000000000e+00
0.000000000000000000e+00
0.000000000000000000e+00
0.000000000000000000e+00
0.000000000000000000e+00
0.000000000000000000e+00
0.000000000000000000e+00
0.000000000000000000e+00
0.000000000000000000e+00
0.000000000000000000e+00
0.000000000000000000e+00
0.000000000000000000e+00
0.000000000000000000e+00
0.000000000000000000e+00
0.000000000000000000e+00
0.000000000000000000e+00
0.000000000000000000e+00
0.000000000000000000e+00
0.000000000000000000e+00
0.000000000000000000e+00
0.000000000000000000e+00
0.000000000000000000e+00
0.000000000000000000e+00
0.000000000000000000e+00
0.000000000000000000e+00
0.000000000000000000e+00
0.000000000000000000e+00
0.000000000000000000e+00
0.000000000000000000e+00
0.000000000000000000e+00
0.000000000000000000e+00
0.000000000000000000e+00
0.000000000000000000e+00
0.000000000000000000e+00
0.000000000000000000e+00
0.000000000000000000e+00
0.000000000000000000e+00
0.000000000000000000e+00
0.000000000000000000e+00
0.000000000000000000e+00
0.000000000000000000e+00
0.000000000000000000e+00
0.000000000000000000e+00
0.000000000000000000e+00
0.000000000000000000e+00
0.000000000000000000e+00
0.000000000000000000e+00
0.000000000000000000e+00
0.000000000000000000e+00
0.000000000000000000e+00
0.000000000000000000e+00
0.000000000000000000e+00
0.000000000000000000e+00
0.000000000000000000e+00
0.000000000000000000e+00
0.000000000000000000e+00
0.000000000000000000e+00
0.000000000000000000e+00
0.000000000000000000e+00
0.000000000000000000e+00
0.000000000000000000e+00
0.000000000000000000e+00
0.000000000000000000e+00
0.000000000000000000e+00
0.000000000000000000e+00
0.000000000000000000e+00
0.000000000000000000e+00
0.000000000000000000e+00
0.000000000000000000e+00
0.000000000000000000e+00
0.000000000000000000e+00
0.000000000000000000e+00
0.000000000000000000e+00
0.000000000000000000e+00
0.000000000000000000e+00
0.000000000000000000e+00
0.000000000000000000e+00
0.000000000000000000e+00
0.000000000000000000e+00
0.000000000000000000e+00
0.000000000000000000e+00
0.000000000000000000e+00
0.000000000000000000e+00
0.000000000000000000e+00
0.000000000000000000e+00
0.000000000000000000e+00
0.000000000000000000e+00
0.000000000000000000e+00
0.000000000000000000e+00
0.000000000000000000e+00
0.000000000000000000e+00
0.000000000000000000e+00
0.000000000000000000e+00
0.000000000000000000e+00
0.000000000000000000e+00
0.000000000000000000e+00
0.000000000000000000e+00
0.000000000000000000e+00
0.000000000000000000e+00
0.000000000000000000e+00
0.000000000000000000e+00
0.000000000000000000e+00
0.000000000000000000e+00
0.000000000000000000e+00
0.000000000000000000e+00
0.000000000000000000e+00
0.000000000000000000e+00
0.000000000000000000e+00
0.000000000000000000e+00
0.000000000000000000e+00
0.000000000000000000e+00
0.000000000000000000e+00
0.000000000000000000e+00
0.000000000000000000e+00
0.000000000000000000e+00
0.000000000000000000e+00
0.000000000000000000e+00
0.000000000000000000e+00
0.000000000000000000e+00
0.000000000000000000e+00
0.000000000000000000e+00
0.000000000000000000e+00
0.000000000000000000e+00
0.000000000000000000e+00
0.000000000000000000e+00
0.000000000000000000e+00
0.000000000000000000e+00
0.000000000000000000e+00
0.000000000000000000e+00
0.000000000000000000e+00
0.000000000000000000e+00
0.000000000000000000e+00
0.000000000000000000e+00
0.000000000000000000e+00
0.000000000000000000e+00
0.000000000000000000e+00
0.000000000000000000e+00
0.000000000000000000e+00
0.000000000000000000e+00
0.000000000000000000e+00
0.000000000000000000e+00
0.000000000000000000e+00
0.000000000000000000e+00
0.000000000000000000e+00
0.000000000000000000e+00
0.000000000000000000e+00
0.000000000000000000e+00
0.000000000000000000e+00
0.000000000000000000e+00
0.000000000000000000e+00
0.000000000000000000e+00
0.000000000000000000e+00
0.000000000000000000e+00
0.000000000000000000e+00
0.000000000000000000e+00
0.000000000000000000e+00
0.000000000000000000e+00
0.000000000000000000e+00
0.000000000000000000e+00
0.000000000000000000e+00
0.000000000000000000e+00
0.000000000000000000e+00
0.000000000000000000e+00
0.000000000000000000e+00
0.000000000000000000e+00
0.000000000000000000e+00
0.000000000000000000e+00
0.000000000000000000e+00
0.000000000000000000e+00
0.000000000000000000e+00
0.000000000000000000e+00
0.000000000000000000e+00
0.000000000000000000e+00
0.000000000000000000e+00
0.000000000000000000e+00
0.000000000000000000e+00
0.000000000000000000e+00
0.000000000000000000e+00
0.000000000000000000e+00
0.000000000000000000e+00
0.000000000000000000e+00
0.000000000000000000e+00
0.000000000000000000e+00
0.000000000000000000e+00
0.000000000000000000e+00
0.000000000000000000e+00
0.000000000000000000e+00
0.000000000000000000e+00
0.000000000000000000e+00
0.000000000000000000e+00
0.000000000000000000e+00
0.000000000000000000e+00
0.000000000000000000e+00
0.000000000000000000e+00
0.000000000000000000e+00
0.000000000000000000e+00
0.000000000000000000e+00
0.000000000000000000e+00
0.000000000000000000e+00
0.000000000000000000e+00
0.000000000000000000e+00
0.000000000000000000e+00
0.000000000000000000e+00
0.000000000000000000e+00
0.000000000000000000e+00
0.000000000000000000e+00
0.000000000000000000e+00
0.000000000000000000e+00
0.000000000000000000e+00
0.000000000000000000e+00
0.000000000000000000e+00
0.000000000000000000e+00
0.000000000000000000e+00
0.000000000000000000e+00
0.000000000000000000e+00
0.000000000000000000e+00
0.000000000000000000e+00
0.000000000000000000e+00
0.000000000000000000e+00
0.000000000000000000e+00
0.000000000000000000e+00
0.000000000000000000e+00
0.000000000000000000e+00
0.000000000000000000e+00
0.000000000000000000e+00
0.000000000000000000e+00
0.000000000000000000e+00
0.000000000000000000e+00
0.000000000000000000e+00
0.000000000000000000e+00
0.000000000000000000e+00
0.000000000000000000e+00
0.000000000000000000e+00
0.000000000000000000e+00
0.000000000000000000e+00
0.000000000000000000e+00
0.000000000000000000e+00
0.000000000000000000e+00
0.000000000000000000e+00
0.000000000000000000e+00
0.000000000000000000e+00
0.000000000000000000e+00
0.000000000000000000e+00
0.000000000000000000e+00
0.000000000000000000e+00
0.000000000000000000e+00
0.000000000000000000e+00
0.000000000000000000e+00
0.000000000000000000e+00
0.000000000000000000e+00
0.000000000000000000e+00
0.000000000000000000e+00
0.000000000000000000e+00
0.000000000000000000e+00
0.000000000000000000e+00
0.000000000000000000e+00
0.000000000000000000e+00
0.000000000000000000e+00
0.000000000000000000e+00
0.000000000000000000e+00
0.000000000000000000e+00
0.000000000000000000e+00
0.000000000000000000e+00
0.000000000000000000e+00
0.000000000000000000e+00
0.000000000000000000e+00
0.000000000000000000e+00
0.000000000000000000e+00
0.000000000000000000e+00
0.000000000000000000e+00
0.000000000000000000e+00
0.000000000000000000e+00
0.000000000000000000e+00
0.000000000000000000e+00
0.000000000000000000e+00
0.000000000000000000e+00
0.000000000000000000e+00
0.000000000000000000e+00
0.000000000000000000e+00
0.000000000000000000e+00
0.000000000000000000e+00
0.000000000000000000e+00
0.000000000000000000e+00
0.000000000000000000e+00
0.000000000000000000e+00
0.000000000000000000e+00
0.000000000000000000e+00
0.000000000000000000e+00
0.000000000000000000e+00
0.000000000000000000e+00
0.000000000000000000e+00
0.000000000000000000e+00
0.000000000000000000e+00
0.000000000000000000e+00
0.000000000000000000e+00
0.000000000000000000e+00
0.000000000000000000e+00
0.000000000000000000e+00
0.000000000000000000e+00
0.000000000000000000e+00
0.000000000000000000e+00
0.000000000000000000e+00
0.000000000000000000e+00
0.000000000000000000e+00
0.000000000000000000e+00
0.000000000000000000e+00
0.000000000000000000e+00
0.000000000000000000e+00
0.000000000000000000e+00
0.000000000000000000e+00
0.000000000000000000e+00
0.000000000000000000e+00
0.000000000000000000e+00
0.000000000000000000e+00
0.000000000000000000e+00
0.000000000000000000e+00
0.000000000000000000e+00
0.000000000000000000e+00
0.000000000000000000e+00
0.000000000000000000e+00
0.000000000000000000e+00
0.000000000000000000e+00
0.000000000000000000e+00
0.000000000000000000e+00
0.000000000000000000e+00
0.000000000000000000e+00
0.000000000000000000e+00
0.000000000000000000e+00
0.000000000000000000e+00
0.000000000000000000e+00
0.000000000000000000e+00
0.000000000000000000e+00
0.000000000000000000e+00
0.000000000000000000e+00
0.000000000000000000e+00
0.000000000000000000e+00
0.000000000000000000e+00
0.000000000000000000e+00
0.000000000000000000e+00
0.000000000000000000e+00
0.000000000000000000e+00
0.000000000000000000e+00
0.000000000000000000e+00
0.000000000000000000e+00
0.000000000000000000e+00
0.000000000000000000e+00
0.000000000000000000e+00
0.000000000000000000e+00
0.000000000000000000e+00
0.000000000000000000e+00
0.000000000000000000e+00
0.000000000000000000e+00
0.000000000000000000e+00
0.000000000000000000e+00
0.000000000000000000e+00
0.000000000000000000e+00
0.000000000000000000e+00
0.000000000000000000e+00
0.000000000000000000e+00
0.000000000000000000e+00
0.000000000000000000e+00
0.000000000000000000e+00
0.000000000000000000e+00
0.000000000000000000e+00
0.000000000000000000e+00
0.000000000000000000e+00
0.000000000000000000e+00
0.000000000000000000e+00
0.000000000000000000e+00
0.000000000000000000e+00
0.000000000000000000e+00
0.000000000000000000e+00
0.000000000000000000e+00
0.000000000000000000e+00
0.000000000000000000e+00
0.000000000000000000e+00
0.000000000000000000e+00
0.000000000000000000e+00
0.000000000000000000e+00
0.000000000000000000e+00
0.000000000000000000e+00
0.000000000000000000e+00
0.000000000000000000e+00
0.000000000000000000e+00
0.000000000000000000e+00
0.000000000000000000e+00
0.000000000000000000e+00
0.000000000000000000e+00
0.000000000000000000e+00
0.000000000000000000e+00
0.000000000000000000e+00
0.000000000000000000e+00
0.000000000000000000e+00
0.000000000000000000e+00
0.000000000000000000e+00
0.000000000000000000e+00
0.000000000000000000e+00
0.000000000000000000e+00
0.000000000000000000e+00
0.000000000000000000e+00
0.000000000000000000e+00
0.000000000000000000e+00
0.000000000000000000e+00
0.000000000000000000e+00
0.000000000000000000e+00
0.000000000000000000e+00
0.000000000000000000e+00
0.000000000000000000e+00
0.000000000000000000e+00
0.000000000000000000e+00
0.000000000000000000e+00
0.000000000000000000e+00
0.000000000000000000e+00
0.000000000000000000e+00
0.000000000000000000e+00
0.000000000000000000e+00
0.000000000000000000e+00
0.000000000000000000e+00
0.000000000000000000e+00
0.000000000000000000e+00
0.000000000000000000e+00
0.000000000000000000e+00
0.000000000000000000e+00
0.000000000000000000e+00
0.000000000000000000e+00
0.000000000000000000e+00
0.000000000000000000e+00
0.000000000000000000e+00
0.000000000000000000e+00
0.000000000000000000e+00
0.000000000000000000e+00
0.000000000000000000e+00
0.000000000000000000e+00
0.000000000000000000e+00
0.000000000000000000e+00
0.000000000000000000e+00
0.000000000000000000e+00
0.000000000000000000e+00
0.000000000000000000e+00
0.000000000000000000e+00
0.000000000000000000e+00
0.000000000000000000e+00
0.000000000000000000e+00
0.000000000000000000e+00
0.000000000000000000e+00
0.000000000000000000e+00
0.000000000000000000e+00
0.000000000000000000e+00
0.000000000000000000e+00
0.000000000000000000e+00
0.000000000000000000e+00
0.000000000000000000e+00
0.000000000000000000e+00
0.000000000000000000e+00
0.000000000000000000e+00
0.000000000000000000e+00
0.000000000000000000e+00
0.000000000000000000e+00
0.000000000000000000e+00
0.000000000000000000e+00
0.000000000000000000e+00
0.000000000000000000e+00
0.000000000000000000e+00
0.000000000000000000e+00
0.000000000000000000e+00
0.000000000000000000e+00
0.000000000000000000e+00
0.000000000000000000e+00
0.000000000000000000e+00
0.000000000000000000e+00
0.000000000000000000e+00
0.000000000000000000e+00
0.000000000000000000e+00
0.000000000000000000e+00
0.000000000000000000e+00
0.000000000000000000e+00
0.000000000000000000e+00
0.000000000000000000e+00
0.000000000000000000e+00
0.000000000000000000e+00
0.000000000000000000e+00
0.000000000000000000e+00
0.000000000000000000e+00
0.000000000000000000e+00
0.000000000000000000e+00
0.000000000000000000e+00
0.000000000000000000e+00
0.000000000000000000e+00
0.000000000000000000e+00
0.000000000000000000e+00
0.000000000000000000e+00
0.000000000000000000e+00
0.000000000000000000e+00
0.000000000000000000e+00
0.000000000000000000e+00
0.000000000000000000e+00
0.000000000000000000e+00
0.000000000000000000e+00
0.000000000000000000e+00
0.000000000000000000e+00
0.000000000000000000e+00
0.000000000000000000e+00
0.000000000000000000e+00
0.000000000000000000e+00
0.000000000000000000e+00
0.000000000000000000e+00
0.000000000000000000e+00
0.000000000000000000e+00
0.000000000000000000e+00
0.000000000000000000e+00
0.000000000000000000e+00
0.000000000000000000e+00
0.000000000000000000e+00
0.000000000000000000e+00
0.000000000000000000e+00
0.000000000000000000e+00
0.000000000000000000e+00
0.000000000000000000e+00
0.000000000000000000e+00
0.000000000000000000e+00
0.000000000000000000e+00
0.000000000000000000e+00
0.000000000000000000e+00
0.000000000000000000e+00
0.000000000000000000e+00
0.000000000000000000e+00
0.000000000000000000e+00
0.000000000000000000e+00
0.000000000000000000e+00
0.000000000000000000e+00
0.000000000000000000e+00
0.000000000000000000e+00
0.000000000000000000e+00
0.000000000000000000e+00
0.000000000000000000e+00
0.000000000000000000e+00
0.000000000000000000e+00
0.000000000000000000e+00
0.000000000000000000e+00
0.000000000000000000e+00
0.000000000000000000e+00
0.000000000000000000e+00
0.000000000000000000e+00
0.000000000000000000e+00
0.000000000000000000e+00
0.000000000000000000e+00
0.000000000000000000e+00
0.000000000000000000e+00
0.000000000000000000e+00
0.000000000000000000e+00
0.000000000000000000e+00
0.000000000000000000e+00
0.000000000000000000e+00
0.000000000000000000e+00
0.000000000000000000e+00
0.000000000000000000e+00
0.000000000000000000e+00
0.000000000000000000e+00
0.000000000000000000e+00
0.000000000000000000e+00
0.000000000000000000e+00
0.000000000000000000e+00
0.000000000000000000e+00
0.000000000000000000e+00
0.000000000000000000e+00
0.000000000000000000e+00
0.000000000000000000e+00
0.000000000000000000e+00
0.000000000000000000e+00
0.000000000000000000e+00
0.000000000000000000e+00
0.000000000000000000e+00
0.000000000000000000e+00
0.000000000000000000e+00
0.000000000000000000e+00
0.000000000000000000e+00
0.000000000000000000e+00
0.000000000000000000e+00
0.000000000000000000e+00
0.000000000000000000e+00
0.000000000000000000e+00
0.000000000000000000e+00
0.000000000000000000e+00
0.000000000000000000e+00
0.000000000000000000e+00
0.000000000000000000e+00
0.000000000000000000e+00
0.000000000000000000e+00
0.000000000000000000e+00
0.000000000000000000e+00
0.000000000000000000e+00
0.000000000000000000e+00
0.000000000000000000e+00
0.000000000000000000e+00
0.000000000000000000e+00
0.000000000000000000e+00
0.000000000000000000e+00
0.000000000000000000e+00
0.000000000000000000e+00
0.000000000000000000e+00
0.000000000000000000e+00
0.000000000000000000e+00
0.000000000000000000e+00
0.000000000000000000e+00
0.000000000000000000e+00
0.000000000000000000e+00
0.000000000000000000e+00
0.000000000000000000e+00
0.000000000000000000e+00
0.000000000000000000e+00
0.000000000000000000e+00
0.000000000000000000e+00
0.000000000000000000e+00
0.000000000000000000e+00
0.000000000000000000e+00
0.000000000000000000e+00
0.000000000000000000e+00
0.000000000000000000e+00
0.000000000000000000e+00
0.000000000000000000e+00
0.000000000000000000e+00
0.000000000000000000e+00
0.000000000000000000e+00
0.000000000000000000e+00
0.000000000000000000e+00
0.000000000000000000e+00
0.000000000000000000e+00
0.000000000000000000e+00
0.000000000000000000e+00
0.000000000000000000e+00
0.000000000000000000e+00
0.000000000000000000e+00
0.000000000000000000e+00
0.000000000000000000e+00
0.000000000000000000e+00
0.000000000000000000e+00
0.000000000000000000e+00
0.000000000000000000e+00
0.000000000000000000e+00
0.000000000000000000e+00
0.000000000000000000e+00
0.000000000000000000e+00
0.000000000000000000e+00
0.000000000000000000e+00
0.000000000000000000e+00
0.000000000000000000e+00
0.000000000000000000e+00
0.000000000000000000e+00
0.000000000000000000e+00
0.000000000000000000e+00
0.000000000000000000e+00
0.000000000000000000e+00
0.000000000000000000e+00
0.000000000000000000e+00
0.000000000000000000e+00
0.000000000000000000e+00
0.000000000000000000e+00
0.000000000000000000e+00
0.000000000000000000e+00
0.000000000000000000e+00
0.000000000000000000e+00
0.000000000000000000e+00
0.000000000000000000e+00
0.000000000000000000e+00
0.000000000000000000e+00
0.000000000000000000e+00
0.000000000000000000e+00
0.000000000000000000e+00
0.000000000000000000e+00
0.000000000000000000e+00
0.000000000000000000e+00
0.000000000000000000e+00
0.000000000000000000e+00
0.000000000000000000e+00
0.000000000000000000e+00
0.000000000000000000e+00
0.000000000000000000e+00
0.000000000000000000e+00
0.000000000000000000e+00
0.000000000000000000e+00
0.000000000000000000e+00
0.000000000000000000e+00
0.000000000000000000e+00
0.000000000000000000e+00
0.000000000000000000e+00
0.000000000000000000e+00
0.000000000000000000e+00
0.000000000000000000e+00
0.000000000000000000e+00
0.000000000000000000e+00
0.000000000000000000e+00
0.000000000000000000e+00
0.000000000000000000e+00
0.000000000000000000e+00
0.000000000000000000e+00
0.000000000000000000e+00
0.000000000000000000e+00
0.000000000000000000e+00
0.000000000000000000e+00
0.000000000000000000e+00
0.000000000000000000e+00
0.000000000000000000e+00
0.000000000000000000e+00
0.000000000000000000e+00
0.000000000000000000e+00
0.000000000000000000e+00
0.000000000000000000e+00
0.000000000000000000e+00
0.000000000000000000e+00
0.000000000000000000e+00
0.000000000000000000e+00
0.000000000000000000e+00
0.000000000000000000e+00
0.000000000000000000e+00
0.000000000000000000e+00
0.000000000000000000e+00
0.000000000000000000e+00
0.000000000000000000e+00
0.000000000000000000e+00
0.000000000000000000e+00
0.000000000000000000e+00
0.000000000000000000e+00
0.000000000000000000e+00
0.000000000000000000e+00
0.000000000000000000e+00
0.000000000000000000e+00
0.000000000000000000e+00
0.000000000000000000e+00
0.000000000000000000e+00
0.000000000000000000e+00
0.000000000000000000e+00
0.000000000000000000e+00
0.000000000000000000e+00
0.000000000000000000e+00
0.000000000000000000e+00
0.000000000000000000e+00
0.000000000000000000e+00
0.000000000000000000e+00
0.000000000000000000e+00
0.000000000000000000e+00
0.000000000000000000e+00
0.000000000000000000e+00
0.000000000000000000e+00
0.000000000000000000e+00
0.000000000000000000e+00
0.000000000000000000e+00
0.000000000000000000e+00
0.000000000000000000e+00
0.000000000000000000e+00
0.000000000000000000e+00
0.000000000000000000e+00
0.000000000000000000e+00
0.000000000000000000e+00
0.000000000000000000e+00
0.000000000000000000e+00
0.000000000000000000e+00
0.000000000000000000e+00
0.000000000000000000e+00
0.000000000000000000e+00
0.000000000000000000e+00
0.000000000000000000e+00
0.000000000000000000e+00
0.000000000000000000e+00
0.000000000000000000e+00
0.000000000000000000e+00
0.000000000000000000e+00
0.000000000000000000e+00
0.000000000000000000e+00
0.000000000000000000e+00
0.000000000000000000e+00
0.000000000000000000e+00
0.000000000000000000e+00
0.000000000000000000e+00
0.000000000000000000e+00
0.000000000000000000e+00
0.000000000000000000e+00
0.000000000000000000e+00
0.000000000000000000e+00
0.000000000000000000e+00
0.000000000000000000e+00
0.000000000000000000e+00
0.000000000000000000e+00
0.000000000000000000e+00
0.000000000000000000e+00
0.000000000000000000e+00
0.000000000000000000e+00
0.000000000000000000e+00
0.000000000000000000e+00
0.000000000000000000e+00
0.000000000000000000e+00
0.000000000000000000e+00
0.000000000000000000e+00
0.000000000000000000e+00
0.000000000000000000e+00
0.000000000000000000e+00
0.000000000000000000e+00
0.000000000000000000e+00
0.000000000000000000e+00
0.000000000000000000e+00
0.000000000000000000e+00
0.000000000000000000e+00
0.000000000000000000e+00
0.000000000000000000e+00
0.000000000000000000e+00
0.000000000000000000e+00
0.000000000000000000e+00
0.000000000000000000e+00
0.000000000000000000e+00
0.000000000000000000e+00
0.000000000000000000e+00
0.000000000000000000e+00
0.000000000000000000e+00
0.000000000000000000e+00
0.000000000000000000e+00
0.000000000000000000e+00
0.000000000000000000e+00
0.000000000000000000e+00
0.000000000000000000e+00
0.000000000000000000e+00
0.000000000000000000e+00
0.000000000000000000e+00
0.000000000000000000e+00
0.000000000000000000e+00
0.000000000000000000e+00
0.000000000000000000e+00
0.000000000000000000e+00
0.000000000000000000e+00
0.000000000000000000e+00
0.000000000000000000e+00
0.000000000000000000e+00
0.000000000000000000e+00
0.000000000000000000e+00
0.000000000000000000e+00
0.000000000000000000e+00
0.000000000000000000e+00
0.000000000000000000e+00
0.000000000000000000e+00
0.000000000000000000e+00
0.000000000000000000e+00
0.000000000000000000e+00
0.000000000000000000e+00
0.000000000000000000e+00
0.000000000000000000e+00
0.000000000000000000e+00
0.000000000000000000e+00
0.000000000000000000e+00
0.000000000000000000e+00
0.000000000000000000e+00
0.000000000000000000e+00
0.000000000000000000e+00
0.000000000000000000e+00
0.000000000000000000e+00
0.000000000000000000e+00
0.000000000000000000e+00
0.000000000000000000e+00
0.000000000000000000e+00
0.000000000000000000e+00
0.000000000000000000e+00
0.000000000000000000e+00
0.000000000000000000e+00
0.000000000000000000e+00
0.000000000000000000e+00
0.000000000000000000e+00
0.000000000000000000e+00
0.000000000000000000e+00
0.000000000000000000e+00
0.000000000000000000e+00
0.000000000000000000e+00
0.000000000000000000e+00
0.000000000000000000e+00
0.000000000000000000e+00
0.000000000000000000e+00
0.000000000000000000e+00
0.000000000000000000e+00
0.000000000000000000e+00
0.000000000000000000e+00
0.000000000000000000e+00
0.000000000000000000e+00
0.000000000000000000e+00
0.000000000000000000e+00
0.000000000000000000e+00
0.000000000000000000e+00
0.000000000000000000e+00
0.000000000000000000e+00
0.000000000000000000e+00
0.000000000000000000e+00
0.000000000000000000e+00
0.000000000000000000e+00
0.000000000000000000e+00
0.000000000000000000e+00
0.000000000000000000e+00
0.000000000000000000e+00
0.000000000000000000e+00
0.000000000000000000e+00
0.000000000000000000e+00
0.000000000000000000e+00
0.000000000000000000e+00
0.000000000000000000e+00
0.000000000000000000e+00
0.000000000000000000e+00
0.000000000000000000e+00
0.000000000000000000e+00
0.000000000000000000e+00
0.000000000000000000e+00
0.000000000000000000e+00
0.000000000000000000e+00
0.000000000000000000e+00
0.000000000000000000e+00
0.000000000000000000e+00
0.000000000000000000e+00
0.000000000000000000e+00
0.000000000000000000e+00
0.000000000000000000e+00
0.000000000000000000e+00
0.000000000000000000e+00
0.000000000000000000e+00
0.000000000000000000e+00
0.000000000000000000e+00
0.000000000000000000e+00
0.000000000000000000e+00
0.000000000000000000e+00
0.000000000000000000e+00
0.000000000000000000e+00
0.000000000000000000e+00
0.000000000000000000e+00
0.000000000000000000e+00
0.000000000000000000e+00
0.000000000000000000e+00
0.000000000000000000e+00
0.000000000000000000e+00
0.000000000000000000e+00
0.000000000000000000e+00
0.000000000000000000e+00
0.000000000000000000e+00
0.000000000000000000e+00
0.000000000000000000e+00
0.000000000000000000e+00
0.000000000000000000e+00
0.000000000000000000e+00
0.000000000000000000e+00
0.000000000000000000e+00
0.000000000000000000e+00
0.000000000000000000e+00
0.000000000000000000e+00
0.000000000000000000e+00
0.000000000000000000e+00
0.000000000000000000e+00
0.000000000000000000e+00
0.000000000000000000e+00
0.000000000000000000e+00
0.000000000000000000e+00
0.000000000000000000e+00
0.000000000000000000e+00
0.000000000000000000e+00
0.000000000000000000e+00
0.000000000000000000e+00
0.000000000000000000e+00
0.000000000000000000e+00
0.000000000000000000e+00
0.000000000000000000e+00
0.000000000000000000e+00
0.000000000000000000e+00
0.000000000000000000e+00
0.000000000000000000e+00
0.000000000000000000e+00
0.000000000000000000e+00
0.000000000000000000e+00
0.000000000000000000e+00
0.000000000000000000e+00
0.000000000000000000e+00
0.000000000000000000e+00
0.000000000000000000e+00
0.000000000000000000e+00
0.000000000000000000e+00
0.000000000000000000e+00
0.000000000000000000e+00
0.000000000000000000e+00
0.000000000000000000e+00
0.000000000000000000e+00
0.000000000000000000e+00
0.000000000000000000e+00
0.000000000000000000e+00
0.000000000000000000e+00
0.000000000000000000e+00
0.000000000000000000e+00
0.000000000000000000e+00
0.000000000000000000e+00
0.000000000000000000e+00
0.000000000000000000e+00
0.000000000000000000e+00
0.000000000000000000e+00
0.000000000000000000e+00
0.000000000000000000e+00
0.000000000000000000e+00
0.000000000000000000e+00
0.000000000000000000e+00
0.000000000000000000e+00
0.000000000000000000e+00
0.000000000000000000e+00
0.000000000000000000e+00
0.000000000000000000e+00
0.000000000000000000e+00
0.000000000000000000e+00
0.000000000000000000e+00
0.000000000000000000e+00
0.000000000000000000e+00
0.000000000000000000e+00
0.000000000000000000e+00
0.000000000000000000e+00
0.000000000000000000e+00
0.000000000000000000e+00
0.000000000000000000e+00
0.000000000000000000e+00
0.000000000000000000e+00
0.000000000000000000e+00
0.000000000000000000e+00
0.000000000000000000e+00
0.000000000000000000e+00
0.000000000000000000e+00
0.000000000000000000e+00
0.000000000000000000e+00
0.000000000000000000e+00
0.000000000000000000e+00
0.000000000000000000e+00
0.000000000000000000e+00
0.000000000000000000e+00
0.000000000000000000e+00
0.000000000000000000e+00
0.000000000000000000e+00
0.000000000000000000e+00
0.000000000000000000e+00
0.000000000000000000e+00
0.000000000000000000e+00
0.000000000000000000e+00
0.000000000000000000e+00
0.000000000000000000e+00
0.000000000000000000e+00
0.000000000000000000e+00
0.000000000000000000e+00
0.000000000000000000e+00
0.000000000000000000e+00
0.000000000000000000e+00
0.000000000000000000e+00
0.000000000000000000e+00
0.000000000000000000e+00
0.000000000000000000e+00
0.000000000000000000e+00
0.000000000000000000e+00
0.000000000000000000e+00
0.000000000000000000e+00
0.000000000000000000e+00
0.000000000000000000e+00
0.000000000000000000e+00
0.000000000000000000e+00
0.000000000000000000e+00
0.000000000000000000e+00
0.000000000000000000e+00
0.000000000000000000e+00
0.000000000000000000e+00
0.000000000000000000e+00
0.000000000000000000e+00
0.000000000000000000e+00
0.000000000000000000e+00
0.000000000000000000e+00
0.000000000000000000e+00
0.000000000000000000e+00
0.000000000000000000e+00
0.000000000000000000e+00
0.000000000000000000e+00
0.000000000000000000e+00
0.000000000000000000e+00
0.000000000000000000e+00
0.000000000000000000e+00
0.000000000000000000e+00
0.000000000000000000e+00
0.000000000000000000e+00
0.000000000000000000e+00
0.000000000000000000e+00
0.000000000000000000e+00
0.000000000000000000e+00
0.000000000000000000e+00
0.000000000000000000e+00
0.000000000000000000e+00
0.000000000000000000e+00
0.000000000000000000e+00
0.000000000000000000e+00
0.000000000000000000e+00
0.000000000000000000e+00
0.000000000000000000e+00
0.000000000000000000e+00
0.000000000000000000e+00
0.000000000000000000e+00
0.000000000000000000e+00
0.000000000000000000e+00
0.000000000000000000e+00
0.000000000000000000e+00
0.000000000000000000e+00
0.000000000000000000e+00
0.000000000000000000e+00
0.000000000000000000e+00
0.000000000000000000e+00
0.000000000000000000e+00
0.000000000000000000e+00
0.000000000000000000e+00
0.000000000000000000e+00
0.000000000000000000e+00
0.000000000000000000e+00
0.000000000000000000e+00
0.000000000000000000e+00
0.000000000000000000e+00
0.000000000000000000e+00
0.000000000000000000e+00
0.000000000000000000e+00
0.000000000000000000e+00
0.000000000000000000e+00
0.000000000000000000e+00
0.000000000000000000e+00
0.000000000000000000e+00
0.000000000000000000e+00
0.000000000000000000e+00
0.000000000000000000e+00
0.000000000000000000e+00
0.000000000000000000e+00
0.000000000000000000e+00
0.000000000000000000e+00
0.000000000000000000e+00
0.000000000000000000e+00
0.000000000000000000e+00
0.000000000000000000e+00
0.000000000000000000e+00
0.000000000000000000e+00
0.000000000000000000e+00
0.000000000000000000e+00
0.000000000000000000e+00
0.000000000000000000e+00
0.000000000000000000e+00
0.000000000000000000e+00
0.000000000000000000e+00
0.000000000000000000e+00
0.000000000000000000e+00
0.000000000000000000e+00
0.000000000000000000e+00
0.000000000000000000e+00
0.000000000000000000e+00
0.000000000000000000e+00
0.000000000000000000e+00
0.000000000000000000e+00
0.000000000000000000e+00
0.000000000000000000e+00
0.000000000000000000e+00
0.000000000000000000e+00
0.000000000000000000e+00
0.000000000000000000e+00
0.000000000000000000e+00
0.000000000000000000e+00
0.000000000000000000e+00
0.000000000000000000e+00
0.000000000000000000e+00
0.000000000000000000e+00
0.000000000000000000e+00
0.000000000000000000e+00
0.000000000000000000e+00
0.000000000000000000e+00
0.000000000000000000e+00
0.000000000000000000e+00
0.000000000000000000e+00
0.000000000000000000e+00
0.000000000000000000e+00
0.000000000000000000e+00
0.000000000000000000e+00
0.000000000000000000e+00
0.000000000000000000e+00
0.000000000000000000e+00
0.000000000000000000e+00
0.000000000000000000e+00
0.000000000000000000e+00
0.000000000000000000e+00
0.000000000000000000e+00
0.000000000000000000e+00
0.000000000000000000e+00
0.000000000000000000e+00
0.000000000000000000e+00
0.000000000000000000e+00
0.000000000000000000e+00
0.000000000000000000e+00
0.000000000000000000e+00
0.000000000000000000e+00
0.000000000000000000e+00
0.000000000000000000e+00
0.000000000000000000e+00
0.000000000000000000e+00
0.000000000000000000e+00
0.000000000000000000e+00
0.000000000000000000e+00
0.000000000000000000e+00
0.000000000000000000e+00
0.000000000000000000e+00
0.000000000000000000e+00
0.000000000000000000e+00
0.000000000000000000e+00
0.000000000000000000e+00
0.000000000000000000e+00
0.000000000000000000e+00
0.000000000000000000e+00
0.000000000000000000e+00
0.000000000000000000e+00
0.000000000000000000e+00
0.000000000000000000e+00
0.000000000000000000e+00
0.000000000000000000e+00
0.000000000000000000e+00
0.000000000000000000e+00
0.000000000000000000e+00
0.000000000000000000e+00
0.000000000000000000e+00
0.000000000000000000e+00
0.000000000000000000e+00
0.000000000000000000e+00
0.000000000000000000e+00
0.000000000000000000e+00
0.000000000000000000e+00
0.000000000000000000e+00
0.000000000000000000e+00
0.000000000000000000e+00
0.000000000000000000e+00
0.000000000000000000e+00
0.000000000000000000e+00
0.000000000000000000e+00
0.000000000000000000e+00
0.000000000000000000e+00
0.000000000000000000e+00
0.000000000000000000e+00
0.000000000000000000e+00
0.000000000000000000e+00
0.000000000000000000e+00
0.000000000000000000e+00
0.000000000000000000e+00
0.000000000000000000e+00
0.000000000000000000e+00
0.000000000000000000e+00
0.000000000000000000e+00
0.000000000000000000e+00
0.000000000000000000e+00
0.000000000000000000e+00
0.000000000000000000e+00
0.000000000000000000e+00
0.000000000000000000e+00
0.000000000000000000e+00
0.000000000000000000e+00
0.000000000000000000e+00
0.000000000000000000e+00
0.000000000000000000e+00
0.000000000000000000e+00
0.000000000000000000e+00
0.000000000000000000e+00
0.000000000000000000e+00
0.000000000000000000e+00
0.000000000000000000e+00
0.000000000000000000e+00
0.000000000000000000e+00
0.000000000000000000e+00
0.000000000000000000e+00
0.000000000000000000e+00
0.000000000000000000e+00
0.000000000000000000e+00
0.000000000000000000e+00
0.000000000000000000e+00
0.000000000000000000e+00
0.000000000000000000e+00
0.000000000000000000e+00
0.000000000000000000e+00
0.000000000000000000e+00
0.000000000000000000e+00
0.000000000000000000e+00
0.000000000000000000e+00
0.000000000000000000e+00
0.000000000000000000e+00
0.000000000000000000e+00
0.000000000000000000e+00
0.000000000000000000e+00
0.000000000000000000e+00
0.000000000000000000e+00
0.000000000000000000e+00
0.000000000000000000e+00
0.000000000000000000e+00
0.000000000000000000e+00
0.000000000000000000e+00
0.000000000000000000e+00
0.000000000000000000e+00
0.000000000000000000e+00
0.000000000000000000e+00
0.000000000000000000e+00
0.000000000000000000e+00
0.000000000000000000e+00
0.000000000000000000e+00
0.000000000000000000e+00
0.000000000000000000e+00
0.000000000000000000e+00
0.000000000000000000e+00
0.000000000000000000e+00
0.000000000000000000e+00
0.000000000000000000e+00
0.000000000000000000e+00
0.000000000000000000e+00
0.000000000000000000e+00
0.000000000000000000e+00
0.000000000000000000e+00
0.000000000000000000e+00
0.000000000000000000e+00
0.000000000000000000e+00
0.000000000000000000e+00
0.000000000000000000e+00
0.000000000000000000e+00
0.000000000000000000e+00
0.000000000000000000e+00
0.000000000000000000e+00
0.000000000000000000e+00
0.000000000000000000e+00
0.000000000000000000e+00
0.000000000000000000e+00
0.000000000000000000e+00
0.000000000000000000e+00
0.000000000000000000e+00
0.000000000000000000e+00
0.000000000000000000e+00
0.000000000000000000e+00
0.000000000000000000e+00
0.000000000000000000e+00
0.000000000000000000e+00
0.000000000000000000e+00
0.000000000000000000e+00
0.000000000000000000e+00
0.000000000000000000e+00
0.000000000000000000e+00
0.000000000000000000e+00
0.000000000000000000e+00
0.000000000000000000e+00
0.000000000000000000e+00
0.000000000000000000e+00
0.000000000000000000e+00
0.000000000000000000e+00
0.000000000000000000e+00
0.000000000000000000e+00
0.000000000000000000e+00
0.000000000000000000e+00
0.000000000000000000e+00
0.000000000000000000e+00
0.000000000000000000e+00
0.000000000000000000e+00
0.000000000000000000e+00
0.000000000000000000e+00
0.000000000000000000e+00
0.000000000000000000e+00
0.000000000000000000e+00
0.000000000000000000e+00
0.000000000000000000e+00
0.000000000000000000e+00
0.000000000000000000e+00
0.000000000000000000e+00
0.000000000000000000e+00
0.000000000000000000e+00
0.000000000000000000e+00
0.000000000000000000e+00
0.000000000000000000e+00
0.000000000000000000e+00
0.000000000000000000e+00
0.000000000000000000e+00
0.000000000000000000e+00
0.000000000000000000e+00
0.000000000000000000e+00
0.000000000000000000e+00
0.000000000000000000e+00
0.000000000000000000e+00
0.000000000000000000e+00
0.000000000000000000e+00
0.000000000000000000e+00
0.000000000000000000e+00
0.000000000000000000e+00
0.000000000000000000e+00
0.000000000000000000e+00
0.000000000000000000e+00
0.000000000000000000e+00
0.000000000000000000e+00
0.000000000000000000e+00
0.000000000000000000e+00
0.000000000000000000e+00
0.000000000000000000e+00
0.000000000000000000e+00
0.000000000000000000e+00
0.000000000000000000e+00
0.000000000000000000e+00
0.000000000000000000e+00
0.000000000000000000e+00
0.000000000000000000e+00
0.000000000000000000e+00
0.000000000000000000e+00
0.000000000000000000e+00
0.000000000000000000e+00
0.000000000000000000e+00
0.000000000000000000e+00
0.000000000000000000e+00
0.000000000000000000e+00
0.000000000000000000e+00
0.000000000000000000e+00
0.000000000000000000e+00
0.000000000000000000e+00
0.000000000000000000e+00
0.000000000000000000e+00
0.000000000000000000e+00
0.000000000000000000e+00
0.000000000000000000e+00
0.000000000000000000e+00
0.000000000000000000e+00
0.000000000000000000e+00
0.000000000000000000e+00
0.000000000000000000e+00
0.000000000000000000e+00
0.000000000000000000e+00
0.000000000000000000e+00
0.000000000000000000e+00
0.000000000000000000e+00
0.000000000000000000e+00
0.000000000000000000e+00
0.000000000000000000e+00
0.000000000000000000e+00
0.000000000000000000e+00
0.000000000000000000e+00
0.000000000000000000e+00
0.000000000000000000e+00
0.000000000000000000e+00
0.000000000000000000e+00
0.000000000000000000e+00
0.000000000000000000e+00
0.000000000000000000e+00
0.000000000000000000e+00
0.000000000000000000e+00
0.000000000000000000e+00
0.000000000000000000e+00
0.000000000000000000e+00
0.000000000000000000e+00
0.000000000000000000e+00
0.000000000000000000e+00
0.000000000000000000e+00
0.000000000000000000e+00
0.000000000000000000e+00
0.000000000000000000e+00
0.000000000000000000e+00
0.000000000000000000e+00
0.000000000000000000e+00
0.000000000000000000e+00
0.000000000000000000e+00
0.000000000000000000e+00
0.000000000000000000e+00
0.000000000000000000e+00
0.000000000000000000e+00
0.000000000000000000e+00
0.000000000000000000e+00
0.000000000000000000e+00
0.000000000000000000e+00
0.000000000000000000e+00
0.000000000000000000e+00
0.000000000000000000e+00
0.000000000000000000e+00
0.000000000000000000e+00
0.000000000000000000e+00
0.000000000000000000e+00
0.000000000000000000e+00
0.000000000000000000e+00
0.000000000000000000e+00
0.000000000000000000e+00
0.000000000000000000e+00
0.000000000000000000e+00
0.000000000000000000e+00
0.000000000000000000e+00
0.000000000000000000e+00
0.000000000000000000e+00
0.000000000000000000e+00
0.000000000000000000e+00
0.000000000000000000e+00
0.000000000000000000e+00
0.000000000000000000e+00
0.000000000000000000e+00
0.000000000000000000e+00
0.000000000000000000e+00
0.000000000000000000e+00
0.000000000000000000e+00
0.000000000000000000e+00
0.000000000000000000e+00
0.000000000000000000e+00
0.000000000000000000e+00
0.000000000000000000e+00
0.000000000000000000e+00
0.000000000000000000e+00
0.000000000000000000e+00
0.000000000000000000e+00
0.000000000000000000e+00
0.000000000000000000e+00
0.000000000000000000e+00
0.000000000000000000e+00
0.000000000000000000e+00
0.000000000000000000e+00
0.000000000000000000e+00
0.000000000000000000e+00
0.000000000000000000e+00
0.000000000000000000e+00
0.000000000000000000e+00
0.000000000000000000e+00
0.000000000000000000e+00
0.000000000000000000e+00
0.000000000000000000e+00
0.000000000000000000e+00
0.000000000000000000e+00
0.000000000000000000e+00
0.000000000000000000e+00
0.000000000000000000e+00
0.000000000000000000e+00
0.000000000000000000e+00
0.000000000000000000e+00
0.000000000000000000e+00
0.000000000000000000e+00
0.000000000000000000e+00
0.000000000000000000e+00
0.000000000000000000e+00
0.000000000000000000e+00
0.000000000000000000e+00
0.000000000000000000e+00
0.000000000000000000e+00
0.000000000000000000e+00
0.000000000000000000e+00
0.000000000000000000e+00
0.000000000000000000e+00
0.000000000000000000e+00
0.000000000000000000e+00
0.000000000000000000e+00
0.000000000000000000e+00
0.000000000000000000e+00
0.000000000000000000e+00
0.000000000000000000e+00
0.000000000000000000e+00
0.000000000000000000e+00
0.000000000000000000e+00
0.000000000000000000e+00
0.000000000000000000e+00
0.000000000000000000e+00
0.000000000000000000e+00
0.000000000000000000e+00
0.000000000000000000e+00
0.000000000000000000e+00
0.000000000000000000e+00
0.000000000000000000e+00
0.000000000000000000e+00
0.000000000000000000e+00
0.000000000000000000e+00
0.000000000000000000e+00
0.000000000000000000e+00
0.000000000000000000e+00
0.000000000000000000e+00
0.000000000000000000e+00
0.000000000000000000e+00
0.000000000000000000e+00
0.000000000000000000e+00
0.000000000000000000e+00
0.000000000000000000e+00
0.000000000000000000e+00
0.000000000000000000e+00
0.000000000000000000e+00
0.000000000000000000e+00
0.000000000000000000e+00
0.000000000000000000e+00
0.000000000000000000e+00
0.000000000000000000e+00
0.000000000000000000e+00
0.000000000000000000e+00
0.000000000000000000e+00
0.000000000000000000e+00
0.000000000000000000e+00
0.000000000000000000e+00
0.000000000000000000e+00
0.000000000000000000e+00
0.000000000000000000e+00
0.000000000000000000e+00
0.000000000000000000e+00
0.000000000000000000e+00
0.000000000000000000e+00
0.000000000000000000e+00
0.000000000000000000e+00
0.000000000000000000e+00
0.000000000000000000e+00
0.000000000000000000e+00
0.000000000000000000e+00
0.000000000000000000e+00
0.000000000000000000e+00
0.000000000000000000e+00
0.000000000000000000e+00
0.000000000000000000e+00
0.000000000000000000e+00
0.000000000000000000e+00
0.000000000000000000e+00
0.000000000000000000e+00
0.000000000000000000e+00
0.000000000000000000e+00
0.000000000000000000e+00
0.000000000000000000e+00
0.000000000000000000e+00
0.000000000000000000e+00
0.000000000000000000e+00
0.000000000000000000e+00
0.000000000000000000e+00
0.000000000000000000e+00
0.000000000000000000e+00
0.000000000000000000e+00
0.000000000000000000e+00
0.000000000000000000e+00
0.000000000000000000e+00
0.000000000000000000e+00
0.000000000000000000e+00
0.000000000000000000e+00
0.000000000000000000e+00
0.000000000000000000e+00
0.000000000000000000e+00
0.000000000000000000e+00
0.000000000000000000e+00
0.000000000000000000e+00
0.000000000000000000e+00
0.000000000000000000e+00
0.000000000000000000e+00
0.000000000000000000e+00
0.000000000000000000e+00
0.000000000000000000e+00
0.000000000000000000e+00
0.000000000000000000e+00
0.000000000000000000e+00
0.000000000000000000e+00
0.000000000000000000e+00
0.000000000000000000e+00
0.000000000000000000e+00
0.000000000000000000e+00
0.000000000000000000e+00
0.000000000000000000e+00
0.000000000000000000e+00
0.000000000000000000e+00
0.000000000000000000e+00
0.000000000000000000e+00
0.000000000000000000e+00
0.000000000000000000e+00
0.000000000000000000e+00
0.000000000000000000e+00
0.000000000000000000e+00
0.000000000000000000e+00
0.000000000000000000e+00
0.000000000000000000e+00
0.000000000000000000e+00
0.000000000000000000e+00
0.000000000000000000e+00
0.000000000000000000e+00
0.000000000000000000e+00
0.000000000000000000e+00
0.000000000000000000e+00
0.000000000000000000e+00
0.000000000000000000e+00
0.000000000000000000e+00
0.000000000000000000e+00
0.000000000000000000e+00
0.000000000000000000e+00
0.000000000000000000e+00
0.000000000000000000e+00
0.000000000000000000e+00
0.000000000000000000e+00
0.000000000000000000e+00
0.000000000000000000e+00
0.000000000000000000e+00
0.000000000000000000e+00
0.000000000000000000e+00
0.000000000000000000e+00
0.000000000000000000e+00
0.000000000000000000e+00
0.000000000000000000e+00
0.000000000000000000e+00
0.000000000000000000e+00
0.000000000000000000e+00
0.000000000000000000e+00
0.000000000000000000e+00
0.000000000000000000e+00
0.000000000000000000e+00
0.000000000000000000e+00
0.000000000000000000e+00
0.000000000000000000e+00
0.000000000000000000e+00
0.000000000000000000e+00
0.000000000000000000e+00
0.000000000000000000e+00
0.000000000000000000e+00
0.000000000000000000e+00
0.000000000000000000e+00
0.000000000000000000e+00
0.000000000000000000e+00
0.000000000000000000e+00
0.000000000000000000e+00
0.000000000000000000e+00
0.000000000000000000e+00
0.000000000000000000e+00
0.000000000000000000e+00
0.000000000000000000e+00
0.000000000000000000e+00
0.000000000000000000e+00
0.000000000000000000e+00
0.000000000000000000e+00
0.000000000000000000e+00
0.000000000000000000e+00
0.000000000000000000e+00
0.000000000000000000e+00
0.000000000000000000e+00
0.000000000000000000e+00
0.000000000000000000e+00
0.000000000000000000e+00
0.000000000000000000e+00
0.000000000000000000e+00
0.000000000000000000e+00
0.000000000000000000e+00
0.000000000000000000e+00
0.000000000000000000e+00
0.000000000000000000e+00
0.000000000000000000e+00
0.000000000000000000e+00
0.000000000000000000e+00
0.000000000000000000e+00
0.000000000000000000e+00
0.000000000000000000e+00
0.000000000000000000e+00
0.000000000000000000e+00
0.000000000000000000e+00
0.000000000000000000e+00
0.000000000000000000e+00
0.000000000000000000e+00
0.000000000000000000e+00
0.000000000000000000e+00
0.000000000000000000e+00
0.000000000000000000e+00
0.000000000000000000e+00
0.000000000000000000e+00
0.000000000000000000e+00
0.000000000000000000e+00
0.000000000000000000e+00
0.000000000000000000e+00
0.000000000000000000e+00
0.000000000000000000e+00
0.000000000000000000e+00
0.000000000000000000e+00
0.000000000000000000e+00
0.000000000000000000e+00
0.000000000000000000e+00
0.000000000000000000e+00
0.000000000000000000e+00
0.000000000000000000e+00
0.000000000000000000e+00
0.000000000000000000e+00
0.000000000000000000e+00
0.000000000000000000e+00
0.000000000000000000e+00
0.000000000000000000e+00
0.000000000000000000e+00
0.000000000000000000e+00
0.000000000000000000e+00
0.000000000000000000e+00
0.000000000000000000e+00
0.000000000000000000e+00
0.000000000000000000e+00
0.000000000000000000e+00
0.000000000000000000e+00
0.000000000000000000e+00
0.000000000000000000e+00
0.000000000000000000e+00
0.000000000000000000e+00
0.000000000000000000e+00
0.000000000000000000e+00
0.000000000000000000e+00
0.000000000000000000e+00
0.000000000000000000e+00
0.000000000000000000e+00
0.000000000000000000e+00
0.000000000000000000e+00
0.000000000000000000e+00
0.000000000000000000e+00
0.000000000000000000e+00
0.000000000000000000e+00
0.000000000000000000e+00
0.000000000000000000e+00
0.000000000000000000e+00
0.000000000000000000e+00
0.000000000000000000e+00
0.000000000000000000e+00
0.000000000000000000e+00
0.000000000000000000e+00
0.000000000000000000e+00
0.000000000000000000e+00
0.000000000000000000e+00
0.000000000000000000e+00
0.000000000000000000e+00
0.000000000000000000e+00
0.000000000000000000e+00
0.000000000000000000e+00
0.000000000000000000e+00
0.000000000000000000e+00
0.000000000000000000e+00
0.000000000000000000e+00
0.000000000000000000e+00
0.000000000000000000e+00
0.000000000000000000e+00
0.000000000000000000e+00
0.000000000000000000e+00
0.000000000000000000e+00
0.000000000000000000e+00
0.000000000000000000e+00
0.000000000000000000e+00
0.000000000000000000e+00
0.000000000000000000e+00
0.000000000000000000e+00
0.000000000000000000e+00
0.000000000000000000e+00
0.000000000000000000e+00
0.000000000000000000e+00
0.000000000000000000e+00
0.000000000000000000e+00
0.000000000000000000e+00
0.000000000000000000e+00
0.000000000000000000e+00
0.000000000000000000e+00
0.000000000000000000e+00
0.000000000000000000e+00
0.000000000000000000e+00
0.000000000000000000e+00
0.000000000000000000e+00
0.000000000000000000e+00
0.000000000000000000e+00
0.000000000000000000e+00
0.000000000000000000e+00
0.000000000000000000e+00
0.000000000000000000e+00
0.000000000000000000e+00
0.000000000000000000e+00
0.000000000000000000e+00
0.000000000000000000e+00
0.000000000000000000e+00
0.000000000000000000e+00
0.000000000000000000e+00
0.000000000000000000e+00
0.000000000000000000e+00
0.000000000000000000e+00
0.000000000000000000e+00
0.000000000000000000e+00
0.000000000000000000e+00
0.000000000000000000e+00
0.000000000000000000e+00
0.000000000000000000e+00
0.000000000000000000e+00
0.000000000000000000e+00
0.000000000000000000e+00
0.000000000000000000e+00
0.000000000000000000e+00
0.000000000000000000e+00
0.000000000000000000e+00
0.000000000000000000e+00
0.000000000000000000e+00
0.000000000000000000e+00
0.000000000000000000e+00
0.000000000000000000e+00
0.000000000000000000e+00
0.000000000000000000e+00
0.000000000000000000e+00
0.000000000000000000e+00
0.000000000000000000e+00
0.000000000000000000e+00
0.000000000000000000e+00
0.000000000000000000e+00
0.000000000000000000e+00
0.000000000000000000e+00
0.000000000000000000e+00
0.000000000000000000e+00
0.000000000000000000e+00
0.000000000000000000e+00
0.000000000000000000e+00
0.000000000000000000e+00
0.000000000000000000e+00
0.000000000000000000e+00
0.000000000000000000e+00
0.000000000000000000e+00
0.000000000000000000e+00
0.000000000000000000e+00
0.000000000000000000e+00
0.000000000000000000e+00
0.000000000000000000e+00
0.000000000000000000e+00
0.000000000000000000e+00
0.000000000000000000e+00
0.000000000000000000e+00
0.000000000000000000e+00
0.000000000000000000e+00
0.000000000000000000e+00
0.000000000000000000e+00
0.000000000000000000e+00
0.000000000000000000e+00
0.000000000000000000e+00
0.000000000000000000e+00
0.000000000000000000e+00
0.000000000000000000e+00
0.000000000000000000e+00
0.000000000000000000e+00
0.000000000000000000e+00
0.000000000000000000e+00
0.000000000000000000e+00
0.000000000000000000e+00
0.000000000000000000e+00
0.000000000000000000e+00
0.000000000000000000e+00
0.000000000000000000e+00
0.000000000000000000e+00
0.000000000000000000e+00
0.000000000000000000e+00
0.000000000000000000e+00
0.000000000000000000e+00
0.000000000000000000e+00
0.000000000000000000e+00
0.000000000000000000e+00
0.000000000000000000e+00
0.000000000000000000e+00
0.000000000000000000e+00
0.000000000000000000e+00
0.000000000000000000e+00
0.000000000000000000e+00
0.000000000000000000e+00
0.000000000000000000e+00
0.000000000000000000e+00
0.000000000000000000e+00
0.000000000000000000e+00
0.000000000000000000e+00
0.000000000000000000e+00
0.000000000000000000e+00
0.000000000000000000e+00
0.000000000000000000e+00
0.000000000000000000e+00
0.000000000000000000e+00
0.000000000000000000e+00
0.000000000000000000e+00
0.000000000000000000e+00
0.000000000000000000e+00
0.000000000000000000e+00
0.000000000000000000e+00
0.000000000000000000e+00
0.000000000000000000e+00
0.000000000000000000e+00
0.000000000000000000e+00
0.000000000000000000e+00
0.000000000000000000e+00
0.000000000000000000e+00
0.000000000000000000e+00
0.000000000000000000e+00
0.000000000000000000e+00
0.000000000000000000e+00
0.000000000000000000e+00
0.000000000000000000e+00
0.000000000000000000e+00
0.000000000000000000e+00
0.000000000000000000e+00
0.000000000000000000e+00
0.000000000000000000e+00
0.000000000000000000e+00
0.000000000000000000e+00
0.000000000000000000e+00
0.000000000000000000e+00
0.000000000000000000e+00
0.000000000000000000e+00
0.000000000000000000e+00
0.000000000000000000e+00
0.000000000000000000e+00
0.000000000000000000e+00
0.000000000000000000e+00
0.000000000000000000e+00
0.000000000000000000e+00
0.000000000000000000e+00
0.000000000000000000e+00
0.000000000000000000e+00
0.000000000000000000e+00
0.000000000000000000e+00
0.000000000000000000e+00
0.000000000000000000e+00
0.000000000000000000e+00
0.000000000000000000e+00
0.000000000000000000e+00
0.000000000000000000e+00
0.000000000000000000e+00
0.000000000000000000e+00
0.000000000000000000e+00
0.000000000000000000e+00
0.000000000000000000e+00
0.000000000000000000e+00
0.000000000000000000e+00
0.000000000000000000e+00
0.000000000000000000e+00
0.000000000000000000e+00
0.000000000000000000e+00
0.000000000000000000e+00
0.000000000000000000e+00
0.000000000000000000e+00
0.000000000000000000e+00
0.000000000000000000e+00
0.000000000000000000e+00
0.000000000000000000e+00
0.000000000000000000e+00
0.000000000000000000e+00
0.000000000000000000e+00
0.000000000000000000e+00
0.000000000000000000e+00
0.000000000000000000e+00
0.000000000000000000e+00
0.000000000000000000e+00
0.000000000000000000e+00
0.000000000000000000e+00
0.000000000000000000e+00
0.000000000000000000e+00
0.000000000000000000e+00
0.000000000000000000e+00
0.000000000000000000e+00
0.000000000000000000e+00
0.000000000000000000e+00
0.000000000000000000e+00
0.000000000000000000e+00
0.000000000000000000e+00
0.000000000000000000e+00
0.000000000000000000e+00
0.000000000000000000e+00
0.000000000000000000e+00
0.000000000000000000e+00
0.000000000000000000e+00
0.000000000000000000e+00
0.000000000000000000e+00
0.000000000000000000e+00
0.000000000000000000e+00
0.000000000000000000e+00
0.000000000000000000e+00
0.000000000000000000e+00
0.000000000000000000e+00
0.000000000000000000e+00
0.000000000000000000e+00
0.000000000000000000e+00
0.000000000000000000e+00
0.000000000000000000e+00
0.000000000000000000e+00
0.000000000000000000e+00
0.000000000000000000e+00
0.000000000000000000e+00
0.000000000000000000e+00
0.000000000000000000e+00
0.000000000000000000e+00
0.000000000000000000e+00
0.000000000000000000e+00
0.000000000000000000e+00
0.000000000000000000e+00
0.000000000000000000e+00
0.000000000000000000e+00
0.000000000000000000e+00
0.000000000000000000e+00
0.000000000000000000e+00
0.000000000000000000e+00
0.000000000000000000e+00
0.000000000000000000e+00
0.000000000000000000e+00
0.000000000000000000e+00
0.000000000000000000e+00
0.000000000000000000e+00
0.000000000000000000e+00
0.000000000000000000e+00
0.000000000000000000e+00
0.000000000000000000e+00
0.000000000000000000e+00
0.000000000000000000e+00
0.000000000000000000e+00
0.000000000000000000e+00
0.000000000000000000e+00
0.000000000000000000e+00
0.000000000000000000e+00
0.000000000000000000e+00
0.000000000000000000e+00
0.000000000000000000e+00
0.000000000000000000e+00
0.000000000000000000e+00
0.000000000000000000e+00
0.000000000000000000e+00
0.000000000000000000e+00
0.000000000000000000e+00
0.000000000000000000e+00
0.000000000000000000e+00
0.000000000000000000e+00
0.000000000000000000e+00
0.000000000000000000e+00
0.000000000000000000e+00
0.000000000000000000e+00
0.000000000000000000e+00
0.000000000000000000e+00
0.000000000000000000e+00
0.000000000000000000e+00
0.000000000000000000e+00
0.000000000000000000e+00
0.000000000000000000e+00
0.000000000000000000e+00
0.000000000000000000e+00
0.000000000000000000e+00
0.000000000000000000e+00
0.000000000000000000e+00
0.000000000000000000e+00
0.000000000000000000e+00
0.000000000000000000e+00
0.000000000000000000e+00
0.000000000000000000e+00
0.000000000000000000e+00
0.000000000000000000e+00
0.000000000000000000e+00
0.000000000000000000e+00
0.000000000000000000e+00
0.000000000000000000e+00
0.000000000000000000e+00
0.000000000000000000e+00
0.000000000000000000e+00
0.000000000000000000e+00
0.000000000000000000e+00
0.000000000000000000e+00
0.000000000000000000e+00
0.000000000000000000e+00
0.000000000000000000e+00
0.000000000000000000e+00
0.000000000000000000e+00
0.000000000000000000e+00
0.000000000000000000e+00
0.000000000000000000e+00
0.000000000000000000e+00
0.000000000000000000e+00
0.000000000000000000e+00
0.000000000000000000e+00
0.000000000000000000e+00
0.000000000000000000e+00
0.000000000000000000e+00
0.000000000000000000e+00
0.000000000000000000e+00
0.000000000000000000e+00
0.000000000000000000e+00
0.000000000000000000e+00
0.000000000000000000e+00
0.000000000000000000e+00
0.000000000000000000e+00
0.000000000000000000e+00
0.000000000000000000e+00
0.000000000000000000e+00
0.000000000000000000e+00
0.000000000000000000e+00
0.000000000000000000e+00
0.000000000000000000e+00
0.000000000000000000e+00
0.000000000000000000e+00
0.000000000000000000e+00
0.000000000000000000e+00
0.000000000000000000e+00
0.000000000000000000e+00
0.000000000000000000e+00
0.000000000000000000e+00
0.000000000000000000e+00
0.000000000000000000e+00
0.000000000000000000e+00
0.000000000000000000e+00
0.000000000000000000e+00
0.000000000000000000e+00
0.000000000000000000e+00
0.000000000000000000e+00
0.000000000000000000e+00
0.000000000000000000e+00
0.000000000000000000e+00
0.000000000000000000e+00
0.000000000000000000e+00
0.000000000000000000e+00
0.000000000000000000e+00
0.000000000000000000e+00
0.000000000000000000e+00
0.000000000000000000e+00
0.000000000000000000e+00
0.000000000000000000e+00
0.000000000000000000e+00
0.000000000000000000e+00
0.000000000000000000e+00
0.000000000000000000e+00
0.000000000000000000e+00
0.000000000000000000e+00
0.000000000000000000e+00
0.000000000000000000e+00
0.000000000000000000e+00
0.000000000000000000e+00
0.000000000000000000e+00
0.000000000000000000e+00
0.000000000000000000e+00
0.000000000000000000e+00
0.000000000000000000e+00
0.000000000000000000e+00
0.000000000000000000e+00
0.000000000000000000e+00
0.000000000000000000e+00
0.000000000000000000e+00
0.000000000000000000e+00
0.000000000000000000e+00
0.000000000000000000e+00
0.000000000000000000e+00
0.000000000000000000e+00
0.000000000000000000e+00
0.000000000000000000e+00
0.000000000000000000e+00
0.000000000000000000e+00
0.000000000000000000e+00
0.000000000000000000e+00
0.000000000000000000e+00
0.000000000000000000e+00
0.000000000000000000e+00
0.000000000000000000e+00
0.000000000000000000e+00
0.000000000000000000e+00
0.000000000000000000e+00
0.000000000000000000e+00
0.000000000000000000e+00
0.000000000000000000e+00
0.000000000000000000e+00
0.000000000000000000e+00
0.000000000000000000e+00
0.000000000000000000e+00
0.000000000000000000e+00
0.000000000000000000e+00
0.000000000000000000e+00
0.000000000000000000e+00
0.000000000000000000e+00
0.000000000000000000e+00
0.000000000000000000e+00
0.000000000000000000e+00
0.000000000000000000e+00
0.000000000000000000e+00
0.000000000000000000e+00
0.000000000000000000e+00
0.000000000000000000e+00
0.000000000000000000e+00
0.000000000000000000e+00
0.000000000000000000e+00
0.000000000000000000e+00
0.000000000000000000e+00
0.000000000000000000e+00
0.000000000000000000e+00
0.000000000000000000e+00
0.000000000000000000e+00
0.000000000000000000e+00
0.000000000000000000e+00
0.000000000000000000e+00
0.000000000000000000e+00
0.000000000000000000e+00
0.000000000000000000e+00
0.000000000000000000e+00
0.000000000000000000e+00
0.000000000000000000e+00
0.000000000000000000e+00
0.000000000000000000e+00
0.000000000000000000e+00
0.000000000000000000e+00
0.000000000000000000e+00
0.000000000000000000e+00
0.000000000000000000e+00
0.000000000000000000e+00
0.000000000000000000e+00
0.000000000000000000e+00
0.000000000000000000e+00
0.000000000000000000e+00
0.000000000000000000e+00
0.000000000000000000e+00
0.000000000000000000e+00
0.000000000000000000e+00
0.000000000000000000e+00
0.000000000000000000e+00
0.000000000000000000e+00
0.000000000000000000e+00
0.000000000000000000e+00
0.000000000000000000e+00
0.000000000000000000e+00
0.000000000000000000e+00
0.000000000000000000e+00
0.000000000000000000e+00
0.000000000000000000e+00
0.000000000000000000e+00
0.000000000000000000e+00
0.000000000000000000e+00
0.000000000000000000e+00
0.000000000000000000e+00
0.000000000000000000e+00
0.000000000000000000e+00
0.000000000000000000e+00
0.000000000000000000e+00
0.000000000000000000e+00
0.000000000000000000e+00
0.000000000000000000e+00
0.000000000000000000e+00
0.000000000000000000e+00
0.000000000000000000e+00
0.000000000000000000e+00
0.000000000000000000e+00
0.000000000000000000e+00
0.000000000000000000e+00
0.000000000000000000e+00
0.000000000000000000e+00
0.000000000000000000e+00
0.000000000000000000e+00
0.000000000000000000e+00
0.000000000000000000e+00
0.000000000000000000e+00
0.000000000000000000e+00
0.000000000000000000e+00
0.000000000000000000e+00
0.000000000000000000e+00
0.000000000000000000e+00
0.000000000000000000e+00
0.000000000000000000e+00
0.000000000000000000e+00
0.000000000000000000e+00
0.000000000000000000e+00
0.000000000000000000e+00
0.000000000000000000e+00
0.000000000000000000e+00
0.000000000000000000e+00
0.000000000000000000e+00
0.000000000000000000e+00
0.000000000000000000e+00
0.000000000000000000e+00
0.000000000000000000e+00
0.000000000000000000e+00
0.000000000000000000e+00
0.000000000000000000e+00
0.000000000000000000e+00
0.000000000000000000e+00
0.000000000000000000e+00
0.000000000000000000e+00
0.000000000000000000e+00
0.000000000000000000e+00
0.000000000000000000e+00
0.000000000000000000e+00
0.000000000000000000e+00
0.000000000000000000e+00
0.000000000000000000e+00
0.000000000000000000e+00
0.000000000000000000e+00
0.000000000000000000e+00
0.000000000000000000e+00
0.000000000000000000e+00
0.000000000000000000e+00
0.000000000000000000e+00
0.000000000000000000e+00
0.000000000000000000e+00
0.000000000000000000e+00
0.000000000000000000e+00
0.000000000000000000e+00
0.000000000000000000e+00
0.000000000000000000e+00
0.000000000000000000e+00
0.000000000000000000e+00
0.000000000000000000e+00
0.000000000000000000e+00
0.000000000000000000e+00
0.000000000000000000e+00
0.000000000000000000e+00
0.000000000000000000e+00
0.000000000000000000e+00
0.000000000000000000e+00
0.000000000000000000e+00
0.000000000000000000e+00
0.000000000000000000e+00
0.000000000000000000e+00
0.000000000000000000e+00
0.000000000000000000e+00
0.000000000000000000e+00
0.000000000000000000e+00
0.000000000000000000e+00
0.000000000000000000e+00
-6.447494719597889751e-06
-8.061930313016472255e-06
-1.168564610327677694e-05
-2.451030951937729907e-05
-2.453842663939845292e-05
-2.638114399612461174e-05
-4.694672488391891593e-05
-6.347127806089532948e-05
-7.122869652939275986e-05
-7.206920151289417098e-05
-7.234626824541377094e-05
-9.554034419025428382e-05
-9.930756274902693276e-05
-1.000976032091887083e-04
-1.257417236695647714e-04
-1.432324400606516286e-04
-1.443337119021127421e-04
-1.697440952048204742e-04
-1.827991716180712989e-04
-1.856063276636211144e-04
-1.904318230638735870e-04
-1.976883556187875729e-04
-2.018106087562773418e-04
-2.025723301857552949e-04
-2.162257523655054109e-04
-2.188485850896614016e-04
-2.209968451025688674e-04
-2.275775639937753676e-04
-2.334252122044456340e-04
-2.350531558145563943e-04
-2.407036839406750256e-04
-2.412726428585535571e-04
-2.464782891484177275e-04
-2.583207997103285913e-04
-2.756938121884406658e-04
-2.866944014991135679e-04
-3.104385044406965822e-04
-3.145133443899390813e-04
-3.193327956779162119e-04
-3.375404237930942019e-04
-3.415326066817255500e-04
-3.417874327646189259e-04
-3.717589815490627593e-04
-3.779479011908649932e-04
-3.886044203920287730e-04
-4.110406452816012593e-04
-4.168777572021928335e-04
-4.186100871765296993e-04
-4.205432952218474043e-04
-4.428112358419210651e-04
-4.572163253840346928e-04
-4.681044835661155382e-04
-4.721271504773945707e-04
-4.804574643409833049e-04
-5.061747711263935023e-04
-5.171549608169448073e-04
-5.422321391982953820e-04
-5.480727511719665681e-04
-5.483776692296934291e-04
-5.637929928030338197e-04
-6.256107395067149468e-04
-6.275488911152149463e-04
-6.403527784938772838e-04
-6.513178976022930555e-04
-6.612605006482974446e-04
-6.620797605932991596e-04
-6.654105361313016401e-04
-6.793370730991655192e-04
-6.808799000802487345e-04
-6.928676827942809729e-04
-6.959030497572949586e-04
-7.002113800277549871e-04
-7.239906893681553185e-04
-7.294022568485431738e-04
-7.332245527612579750e-04
-7.373581066529672975e-04
-7.534834829547587542e-04
-7.641460526382742174e-04
-7.657398729578393515e-04
-7.681973807514056417e-04
-7.780967963596004816e-04
-7.804911766001159518e-04
-7.875075352513916105e-04
-7.915623611097037660e-04
-8.120252447370423371e-04
-8.422374091401965690e-04
-8.431881345219195689e-04
-8.439355656194988051e-04
-8.485468422223772789e-04
-8.667072155158703217e-04
-8.719051637841764013e-04
-8.725230014953629099e-04
-8.853829587238252509e-04
-8.955770391694912666e-04
-9.010016372569696480e-04
-9.188516336833671069e-04
-9.324338795136041802e-04
-9.355573185656916764e-04
-9.418850015412471091e-04
-9.468014272755592708e-04
-9.567683433819714964e-04
-9.763285999307138793e-04
-9.933915289684152293e-04
-9.966496018729001025e-04
-9.976456175869092592e-04
-1.006376671374734685e-03
-1.012457907627463231e-03
-1.015363578005017142e-03
-1.028484514634658972e-03
-1.053531281819850354e-03
-1.065603126426614006e-03
-1.081160330670925818e-03
-1.115507802324943419e-03
-1.164615755017850245e-03
-1.177064672540772657e-03
-1.179916017811598588e-03
-1.199263752411998483e-03
-1.240274937773939209e-03
-1.241641206923251896e-03
-1.246906267347039354e-03
-1.252946525420543886e-03
-1.260417253256668462e-03
-1.293733697194595494e-03
-1.297167037390262873e-03
-1.297962415505858613e-03
-1.317569037907655085e-03
-1.325858632625237206e-03
-1.358535158922730135e-03
-1.365537376710660930e-03
-1.407478003855236427e-03
-1.408449645909658210e-03
-1.410780411229099101e-03
-1.432598075246150227e-03
-1.464593985010184674e-03
-1.477122301546997425e-03
-1.491402408386143224e-03
-1.510605347632427119e-03
-1.517958065815472671e-03
-1.530994638947279565e-03
-1.549562757019232878e-03
-1.550735559148129841e-03
-1.556336049400886337e-03
-1.577936867497218643e-03
-1.591985836231918534e-03
-1.593305255273566763e-03
-1.617701834392323065e-03
-1.627091803062162556e-03
-1.637613725242979823e-03
-1.656622728281432512e-03
-1.660936890761300451e-03
-1.666567346478572270e-03
-1.683947968301364312e-03
-1.685139681471222763e-03
-1.700690862320417690e-03
-1.708083526687227682e-03
-1.721687111521998190e-03
-1.721771554354619913e-03
-1.724601574387133861e-03
-1.777043433472383707e-03
-1.795460201185991068e-03
-1.840912302101753439e-03
-1.857118903110127964e-03
-1.862236137248114969e-03
-1.865182732148119860e-03
-1.865560958841475016e-03
-1.895463442483273121e-03
-1.901447051593422796e-03
-1.905736937838686806e-03
-1.910899277542645524e-03
-1.912804211338950400e-03
-1.928378430407813246e-03
-1.943773605542241552e-03
-1.946351164557996380e-03
-1.965022357052091315e-03
-1.979705289650489364e-03
-2.050234666608611797e-03
-2.050627952237667802e-03
-2.066917921657029922e-03
-2.071366429934423832e-03
-2.097596764004923744e-03
-2.097947910666971699e-03
-2.105414278880136329e-03
-2.116884579243990747e-03
-2.122218427406567538e-03
-2.136083541600930329e-03
-2.141826128141669037e-03
-2.155240836299377946e-03
-2.200292361896376541e-03
-2.208128065651761979e-03
-2.224100599339490919e-03
-2.230944545550228586e-03
-2.256879120080245923e-03
-2.284538337461600351e-03
-2.326447388664696497e-03
-2.329876793003995625e-03
-2.339436750005157665e-03
-2.345466666620566951e-03
-2.345644299156907173e-03
-2.354428161057273844e-03
-2.354787133387491703e-03
-2.375479363105644295e-03
-2.376927144455282838e-03
-2.384164134566295855e-03
-2.400309763735300472e-03
-2.441724681175242231e-03
-2.450720584170005753e-03
-2.452509426637439205e-03
-2.462955553946148679e-03
-2.466462512697595311e-03
-2.480093987759286744e-03
-2.504517291075270598e-03
-2.515371489618330875e-03
-2.538066201177213623e-03
-2.552256606492268876e-03
-2.553500280780950787e-03
-2.557213943012570830e-03
-2.638892486499729712e-03
-2.650295398415792973e-03
-2.654069394084717769e-03
-2.665900840915403410e-03
-2.680585771989879226e-03
-2.688709075080210342e-03
-2.695683952712529460e-03
-2.702675933214007675e-03
-2.705320032571462228e-03
-2.717060977425914819e-03
-2.728611301886940503e-03
-2.747663219163091336e-03
-2.755802967919922936e-03
-2.767778188931616264e-03
-2.790897832149173002e-03
-2.792185769999691591e-03
-2.795739651421718427e-03
-2.802861336100665769e-03
-2.803711827748509890e-03
-2.810991940874061484e-03
-2.824479661729760796e-03
-2.898145595591381744e-03
-2.906403050632633180e-03
-2.907714842015934019e-03
-2.919339914121492439e-03
-2.920413740290377785e-03
-2.923187554011819761e-03
-2.925005150018824673e-03
-2.937302490024434366e-03
-2.943092998229934927e-03
-2.950749659477252661e-03
-2.953326626210991956e-03
-2.982163844410253874e-03
-3.001646447965378075e-03
-3.019536024447709664e-03
-3.034810540293598688e-03
-3.048148437097903535e-03
-3.088492405030260173e-03
-3.093167943606830658e-03
-3.118758695010795563e-03
-3.138740927625742819e-03
-3.170277099214139499e-03
-3.172157313792161627e-03
-3.181164485867755964e-03
-3.190828035965409190e-03
-3.199000649693104024e-03
-3.203648267529904392e-03
-3.223268960920100054e-03
-3.249000860491250454e-03
-3.301825901289676558e-03
-3.358742493492968342e-03
-3.371945176146116246e-03
-3.379005007413064116e-03
-3.380781064008750794e-03
-3.400293988120778321e-03
-3.402670448120028932e-03
-3.412521610877048556e-03
-3.423558076693597810e-03
-3.423794289877364269e-03
-3.436950958126373627e-03
-3.454844429650296561e-03
-3.475765360828793511e-03
-3.480442493226851980e-03
-3.484175566999155038e-03
-3.487388219642628857e-03
-3.501210178606018256e-03
-3.501779138091959311e-03
-3.511231765483771930e-03
-3.548524700234500541e-03
-3.555288775478719632e-03
-3.573985621092352905e-03
-3.602978997662692646e-03
-3.623614177483781840e-03
-3.623785741350872211e-03
-3.624497006060023105e-03
-3.636318713693649680e-03
-3.648607708168511571e-03
-3.666266387295996111e-03
-3.697843766861005389e-03
-3.705316738800962413e-03
-3.708849138605777203e-03
-3.709225977745161766e-03
-3.709706703362581834e-03
-3.731077602446658276e-03
-3.782749852190105122e-03
-3.807827867719306304e-03
-3.826749822764352257e-03
-3.836859091803214092e-03
-3.857469677925245977e-03
-3.864838509086545269e-03
-3.867864200108174760e-03
-3.871055594763615510e-03
-3.875330380075578396e-03
-3.880414679708387229e-03
-3.884361750450502325e-03
-3.893683163449408735e-03
-3.897262643690573361e-03
-3.905650120455240494e-03
-3.910044530815181413e-03
-3.926674760941981090e-03
-3.928246538154324743e-03
-3.944790686621223522e-03
-3.960941981739312182e-03
-3.964528732694252641e-03
-3.979256011011234051e-03
-4.006528109512884524e-03
-4.049585425281872729e-03
-4.067362363668614034e-03
-4.095527972720449175e-03
-4.095970217630876854e-03
-4.098831458059220591e-03
-4.110354028442460284e-03
-4.117233518524940523e-03
-4.121979024472284883e-03
-4.136303080313329800e-03
-4.139497050813198062e-03
-4.139599312037042789e-03
-4.192141583038475061e-03
-4.195390934036678093e-03
-4.205828689019545409e-03
-4.210787304884153204e-03
-4.213727852805784768e-03
-4.221306277186987962e-03
-4.238095219207710027e-03
-4.247861037319731851e-03
-4.253554707102350299e-03
-4.267095154137191121e-03
-4.274601345088941198e-03
-4.290982973785146745e-03
-4.305120298844322506e-03
-4.330416810080608622e-03
-4.333736774375361936e-03
-4.357960048732904129e-03
-4.371844087519756797e-03
-4.402401742326596257e-03
-4.402494173253218915e-03
-4.411752720072246309e-03
-4.411999924213383557e-03
-4.412648136237522917e-03
-4.438384464484459654e-03
-4.449065618159974908e-03
-4.477177744871026557e-03
-4.479860019693494670e-03
-4.481650517990405994e-03
-4.487605223920378313e-03
-4.489363689429121118e-03
-4.499634543282095278e-03
-4.508937135879811930e-03
-4.513405597740220015e-03
-4.513427886628755201e-03
-4.535499248180385225e-03
-4.538044931665810230e-03
-4.550078578459595263e-03
-4.569172699382430258e-03
-4.574000846425750610e-03
-4.599520239357191356e-03
-4.603916015204893332e-03
-4.603993548035161323e-03
-4.611927458483981723e-03
-4.628063788778392397e-03
-4.653651598820578161e-03
-4.656188906729440136e-03
-4.659809379603573401e-03
-4.663782261312017161e-03
-4.672393685976955306e-03
-4.677737354079964521e-03
-4.706272191363888337e-03
-4.730274381258114079e-03
-4.734150246464155845e-03
-4.737956461125181207e-03
-4.748938496388882546e-03
-4.755826933936758982e-03
-4.762986191698487248e-03
-4.773088693646084131e-03
-4.803314730351340538e-03
-4.804915792105910258e-03
-4.818130029173245746e-03
-4.874844537143459625e-03
-4.882133187768445196e-03
-4.905766775244490771e-03
-4.918435096326648562e-03
-4.924732129931455593e-03
-4.963322592175954152e-03
-4.968959178283984153e-03
-4.972268906057120130e-03
-4.991159154616332111e-03
-5.000885353091183080e-03
-5.004105905742579907e-03
-5.004266596176329927e-03
-5.006133029213982212e-03
-5.016727160963522364e-03
-5.043953588001993775e-03
-5.062185687360286172e-03
-5.062923417591650918e-03
-5.070272445580632954e-03
-5.092439262622141735e-03
-5.096411232125910851e-03
-5.112317023996856488e-03
-5.124964419734438260e-03
-5.143149306098607904e-03
-5.146741825229511277e-03
-5.160710549815850610e-03
-5.169844480254853075e-03
-5.220277530226399842e-03
-5.222543666276015760e-03
-5.258479702499605293e-03
-5.260311573889257450e-03
-5.275887194401099323e-03
-5.310266627531375072e-03
-5.318600116731114075e-03
-5.319666949590750454e-03
-5.323994034191033980e-03
-5.334980295233222869e-03
-5.342599153637283410e-03
-5.382687370963266764e-03
-5.387293464123409439e-03
-5.416518681335686161e-03
-5.420407731510899080e-03
-5.420492627049394024e-03
-5.455614142959371027e-03
-5.465614085180180333e-03
-5.483353398719226744e-03
-5.491897806171755145e-03
-5.493327771488365485e-03
-5.511837160894348525e-03
-5.531455750971025175e-03
-5.558793147289631253e-03
-5.584118279566173924e-03
-5.613565249565402246e-03
-5.620709950468814539e-03
-5.654455143706789595e-03
-5.662676550957227925e-03
-5.670828410330487623e-03
-5.670918180987775600e-03
-5.720379925976539631e-03
-5.727129796318783557e-03
-5.740832880662076650e-03
-5.747932414253902750e-03
-5.756251048767669146e-03
-5.767366781138804147e-03
-5.772576014185360968e-03
-5.784697503432220493e-03
-5.832269510210043653e-03
-5.839396083851081630e-03
-5.844185527758418569e-03
-5.853525354533936978e-03
-5.857335512751905143e-03
-5.865827690967486026e-03
-5.874184035956840112e-03
-5.896724932486507170e-03
-5.900917310209873728e-03
-5.905195986343416900e-03
-5.905241501941259699e-03
-5.923805414708508722e-03
-5.941223595302716660e-03
-5.952720416824458516e-03
-5.986009385489991091e-03
-5.986918109329834176e-03
-6.000812219903129893e-03
-6.031268152608410503e-03
-6.044620113142700618e-03
-6.054970787243938238e-03
-6.094238158576675314e-03
-6.167071752926006796e-03
-6.189260063452984434e-03
-6.190125407118836354e-03
-6.217020912351079419e-03
-6.221214048422952364e-03
-6.237183339701123444e-03
-6.240410126906913851e-03
-6.265894140104882708e-03
-6.266270289869736720e-03
-6.268070562700566416e-03
-6.289063287622761664e-03
-6.303833313023548927e-03
-6.337322867980922647e-03
-6.340650639329769439e-03
-6.355623394787500782e-03
-6.375064275483508999e-03
-6.387534897230497631e-03
-6.426783265713066282e-03
-6.426994361107825175e-03
-6.430061310326654067e-03
-6.433475317139471933e-03
-6.453442851003302755e-03
-6.470762054296836686e-03
-6.484270489756159550e-03
-6.506411596246059609e-03
-6.507003240179387582e-03
-6.513206737778061417e-03
-6.533680573061166272e-03
-6.547387614414020528e-03
-6.560924359022473305e-03
-6.579016300038520101e-03
-6.591391773830598821e-03
-6.613635241166027773e-03
-6.625180190953328281e-03
-6.648084351755319601e-03
-6.673373746495617730e-03
-6.682286750179317926e-03
-6.711752323404789576e-03
-6.736354262011754260e-03
-6.740822566825969454e-03
-6.744754973131319824e-03
-6.769759787482572400e-03
-6.776269516885258248e-03
-6.789799758315089549e-03
-6.796064268153156028e-03
-6.843601921847304592e-03
-6.882432605788979703e-03
-6.883833040574386525e-03
-6.885997987670098956e-03
-6.887600751058562364e-03
-6.887790188123380994e-03
-6.897480163488034846e-03
-6.900780632293662328e-03
-6.918052146601437642e-03
-6.932614300033078381e-03
-6.953537332526954842e-03
-6.959565576340019134e-03
-6.960579413084222802e-03
-6.965295873613407129e-03
-6.996576335338403757e-03
-7.006570061366927324e-03
-7.051234513576890191e-03
-7.063868404685867339e-03
-7.149082552520008224e-03
-7.207633799311155207e-03
-7.220185058113795518e-03
-7.252934071103369663e-03
-7.262222232449333688e-03
-7.281965229882234394e-03
-7.284363247922399920e-03
-7.301532879176634606e-03
-7.324080776643204782e-03
-7.325154252238472684e-03
-7.397164904102750474e-03
-7.403552248992880877e-03
-7.408831880676551920e-03
-7.429058253772996209e-03
-7.429471346435179147e-03
-7.452124672637118821e-03
-7.472432267649190343e-03
-7.493408608295170324e-03
-7.518329340620886342e-03
-7.527709990751193375e-03
-7.541336607698547780e-03
-7.541681938647304580e-03
-7.549912556785848099e-03
-7.578244171425499269e-03
-7.579601962893195780e-03
-7.589885796548101124e-03
-7.598826186246030248e-03
-7.604377507722566085e-03
-7.619519443384872165e-03
-7.633629406718867201e-03
-7.650965103763215057e-03
-7.679257240409111118e-03
-7.687431144252283508e-03
-7.700598505189617041e-03
-7.702739011792828112e-03
-7.731611655920679962e-03
-7.734519062475624096e-03
-7.757108564866062317e-03
-7.765153926299533937e-03
-7.773102114760482850e-03
-7.775023547717268071e-03
-7.779247745425557636e-03
-7.793553947800634790e-03
-7.801962605760460849e-03
-7.818895669982452515e-03
-7.843759850079000742e-03
-7.856795014965844287e-03
-7.865429330254143647e-03
-7.871555652823204047e-03
-7.880858975166160629e-03
-7.897020039245736256e-03
-7.928644136249163310e-03
-7.949926939138341267e-03
-7.960102930780317554e-03
-7.975923662560162331e-03
-7.985220511838662938e-03
-7.994526886980227176e-03
-7.995229838931630292e-03
-8.046093731328538348e-03
-8.051136398494068008e-03
-8.060524426959238264e-03
-8.074118208842765917e-03
-8.076069209212641958e-03
-8.076856403094453962e-03
-8.087640569755532791e-03
-8.093270651329167314e-03
-8.130721927268684188e-03
-8.140890819696145614e-03
-8.231465845842491844e-03
-8.240072454522134535e-03
-8.276373714209231749e-03
-8.285353062801356638e-03
-8.295274690305085713e-03
-8.311575140933143493e-03
-8.312099062301259514e-03
-8.333136294117127890e-03
-8.366783256737415214e-03
-8.368184252688919134e-03
-8.369469150920197387e-03
-8.383881639893620008e-03
-8.390021293073889053e-03
-8.401038588920309649e-03
-8.409322522214785628e-03
-8.434030649791314851e-03
-8.444095176101939007e-03
-8.476120204859351887e-03
-8.482909565249024952e-03
-8.505592328496560869e-03
-8.549891942976282563e-03
-8.571129118080333953e-03
-8.590671118557793168e-03
-8.598763848190246056e-03
-8.626495560295648068e-03
-8.655129964919731911e-03
-8.658229874734987494e-03
-8.678582661444538687e-03
-8.680077533660696815e-03
-8.693306608587145559e-03
-8.700773462489781035e-03
-8.740214824490983789e-03
-8.772254621122983070e-03
-8.777106884140869689e-03
-8.794758376352476703e-03
-8.872871966648297054e-03
-8.879050111488715272e-03
-8.892176070302702795e-03
-8.899264938894044588e-03
-8.900317682006473469e-03
-8.922291347580947260e-03
-8.924913684775810305e-03
-8.937671730222100999e-03
-8.971762831019872153e-03
-8.979973211575226558e-03
-8.986528882414673153e-03
-9.012791137767952460e-03
-9.021410284929701900e-03
-9.029564263289126952e-03
-9.034554517376270494e-03
-9.049785132110183331e-03
-9.068236940800505561e-03
-9.086203592144133367e-03
-9.126751735379551311e-03
-9.130248430006577751e-03
-9.130677557684981765e-03
-9.135123020318615047e-03
-9.140496058363988680e-03
-9.140725695525181438e-03
-9.144311366893819598e-03
-9.175874161287376346e-03
-9.192991665035924950e-03
-9.207208186103160372e-03
-9.222802493047157352e-03
-9.243833513183901535e-03
-9.248132570622298598e-03
-9.253139733230499389e-03
-9.280653975409006856e-03
-9.291786849929397490e-03
-9.330980941159427305e-03
-9.368334149683315085e-03
-9.383458018717781568e-03
-9.384744680023619431e-03
-9.388725458999061524e-03
-9.388905021946719956e-03
-9.430422006901778564e-03
-9.431742435248694628e-03
-9.449899247071494660e-03
-9.466815895162770250e-03
-9.488756596977730370e-03
-9.522018460824260844e-03
-9.532155879591618780e-03
-9.533479513671875086e-03
-9.563086373319536898e-03
-9.569974493794083936e-03
-9.570853356102207443e-03
-9.578870409188148388e-03
-9.582767193380883203e-03
-9.603744694825980602e-03
-9.612911593379352623e-03
-9.616231792888995170e-03
-9.632960072127482246e-03
-9.646214122653838652e-03
-9.671606695286872474e-03
-9.673679900063259299e-03
-9.686164884908142134e-03
-9.704768245239043384e-03
-9.726975510657626112e-03
-9.730083519872322756e-03
-9.730363599105975453e-03
-9.768332821241405839e-03
-9.771993232173953325e-03
-9.782398611272332539e-03
-9.795411579841062713e-03
-9.801778722778122649e-03
-9.828419611516838600e-03
-9.848657608688714260e-03
-9.867618573573037899e-03
-9.888198755909037574e-03
-9.892096529215486933e-03
-9.913423726848058504e-03
-9.982520167468171210e-03
-9.988669107291899690e-03
-9.995182591118940280e-03
-1.000197851098011924e-02
-1.000342662043516608e-02
-1.001877232580562251e-02
-1.004620069601720039e-02
-1.004817461103005120e-02
-1.010307998215031339e-02
-1.010770097142075705e-02
-1.011319574583099956e-02
-1.011943939201542450e-02
-1.013083896814364650e-02
-1.015601465783086063e-02
-1.015768421700984948e-02
-1.018496528361029392e-02
-1.019146218789124952e-02
-1.021185319746982512e-02
-1.024353820928559401e-02
-1.025008670708548938e-02
-1.027801083681581865e-02
-1.027875735981861188e-02
-1.028477627736213221e-02
-1.029253032900184772e-02
-1.029781750433753258e-02
-1.029928420499401365e-02
-1.030053227246517655e-02
-1.031596768374270189e-02
-1.031712310277762765e-02
-1.036831029456832670e-02
-1.039764582225318097e-02
-1.045108195417205829e-02
-1.045405855749042927e-02
-1.047479872234519278e-02
-1.048289995498090203e-02
-1.049064758501199943e-02
-1.049347462070725039e-02
-1.049525324734151485e-02
-1.050168267007581258e-02
-1.059015029294711752e-02
-1.059474280185696698e-02
-1.060489272409744291e-02
-1.060621383929427619e-02
-1.060718621788113436e-02
-1.062611317066873909e-02
-1.062657734277883126e-02
-1.063769310892789463e-02
-1.064506692127708924e-02
-1.066243179137365410e-02
-1.066868420785727772e-02
-1.074296995671102095e-02
-1.074312426399415266e-02
-1.076607129467395396e-02
-1.076773970830698784e-02
-1.082696675211136661e-02
-1.083311326451066349e-02
-1.086861826521600197e-02
-1.089633598949091807e-02
-1.090129203453328241e-02
-1.092690109894937228e-02
-1.095186970834045870e-02
-1.097121941922704104e-02
-1.098022099202605739e-02
-1.099001105744586496e-02
-1.100332285492760902e-02
-1.102795511616487534e-02
-1.107590273455130551e-02
-1.110197115385573065e-02
-1.110243728241728720e-02
-1.111285364688615988e-02
-1.117204865158980161e-02
-1.117714592529160840e-02
-1.117912909866580588e-02
-1.120012830006199972e-02
-1.120136855828067317e-02
-1.124815369110163110e-02
-1.125937529785319552e-02
-1.126363737903030189e-02
-1.127000073358684455e-02
-1.128123641242670047e-02
-1.128684565602985912e-02
-1.129861731250688187e-02
-1.137942217950964688e-02
-1.138751658309065766e-02
-1.139640171323635758e-02
-1.140003204302126628e-02
-1.140146246951422374e-02
-1.142571932490640471e-02
-1.143345510498023666e-02
-1.143384924551518224e-02
-1.146876978725851377e-02
-1.147847773205202745e-02
-1.150327095158661453e-02
-1.151253677718270391e-02
-1.151458615058196036e-02
-1.151582574827747334e-02
-1.151941708853054976e-02
-1.153159727574619604e-02
-1.153486531842554466e-02
-1.155213596037742846e-02
-1.155806317901155247e-02
-1.156231246641437928e-02
-1.156243577662173505e-02
-1.156855773187080716e-02
-1.158124732524938409e-02
-1.158147217178725347e-02
-1.159277377685781485e-02
-1.159832434876868074e-02
-1.160002796959019346e-02
-1.165729417830746462e-02
-1.166086114274510546e-02
-1.167200733227819268e-02
-1.167849995366184584e-02
-1.171227231998174523e-02
-1.171305182048537619e-02
-1.174859457453950387e-02
-1.174924318765542541e-02
-1.180616852375070483e-02
-1.182952392933646346e-02
-1.188961035923410611e-02
-1.191457927341944487e-02
-1.191529007056514947e-02
-1.193902612390237462e-02
-1.196859882862031862e-02
-1.198082755950557153e-02
-1.202707698919777690e-02
-1.203959705891130202e-02
-1.205000278313486314e-02
-1.210350992153320926e-02
-1.210475438870176751e-02
-1.210929926613581696e-02
-1.211701361807833270e-02
-1.213225193252066847e-02
-1.215137164554989935e-02
-1.215262740692403531e-02
-1.215949124649421710e-02
-1.216583671213680717e-02
-1.217074819229231088e-02
-1.217518182803988165e-02
-1.219991449512333737e-02
-1.220231375242381705e-02
-1.220976418806612313e-02
-1.222839226271712348e-02
-1.224055561686428553e-02
-1.224542537914272144e-02
-1.225727077670507592e-02
-1.228523142273297425e-02
-1.229182012924091155e-02
-1.231018825711570688e-02
-1.231622038665838512e-02
-1.233695251583577859e-02
-1.233787900561168945e-02
-1.234720211629901018e-02
-1.236163826191200021e-02
-1.237855446523344026e-02
-1.238491009045604441e-02
-1.238774505487312896e-02
-1.239265698515752342e-02
-1.240321064938402530e-02
-1.241424487519343471e-02
-1.242270604498358494e-02
-1.242332179682096097e-02
-1.243214561457123453e-02
-1.244658230160422714e-02
-1.244778262086838547e-02
-1.248759168419043622e-02
-1.249244801951755052e-02
-1.253176812159405469e-02
-1.254332444425190242e-02
-1.254342838050113984e-02
-1.254594440640282790e-02
-1.255281211086746798e-02
-1.256957318794278342e-02
-1.258350937797021209e-02
-1.259010313021143718e-02
-1.259549777865258055e-02
-1.262177871496128131e-02
-1.264496690528191768e-02
-1.265884716028978577e-02
-1.269605467229125914e-02
-1.270141849360836850e-02
-1.270540770192083065e-02
-1.271598432512410434e-02
-1.272855670806521608e-02
-1.274755790627916940e-02
-1.275280748867302361e-02
-1.275394408245122610e-02
-1.275608530745455695e-02
-1.281703662430024732e-02
-1.282566891791456914e-02
-1.284109915106341690e-02
-1.285984414225334500e-02
-1.287530825732212912e-02
-1.289687511951748480e-02
-1.289927209818405099e-02
-1.290705140183584509e-02
-1.293574048990661640e-02
-1.293968847362654030e-02
-1.294481453095739851e-02
-1.295484502626969431e-02
-1.296886384883783397e-02
-1.296978535911200853e-02
-1.297031416503806323e-02
-1.300509468752095513e-02
-1.303872672772457032e-02
-1.306399603816695183e-02
-1.309143657082129444e-02
-1.312762560669517888e-02
-1.319624360133356961e-02
-1.320370328601895051e-02
-1.321843108009252560e-02
-1.321894388889474810e-02
-1.322628883662732568e-02
-1.322974177970254531e-02
-1.323435407490434687e-02
-1.323617976102970176e-02
-1.324695781188003907e-02
-1.326608125369286434e-02
-1.326861901013409728e-02
-1.328219715472311532e-02
-1.331165573025257925e-02
-1.334008223681490413e-02
-1.334856565519260130e-02
-1.341044014427317244e-02
-1.341834182621180933e-02
-1.342109694843763093e-02
-1.343198561058954119e-02
-1.345939163013156609e-02
-1.346866544795000988e-02
-1.353411653522702297e-02
-1.354451245518571018e-02
-1.354813447598143816e-02
-1.356608340305134885e-02
-1.359416895484707143e-02
-1.361831031093911105e-02
-1.361883077241222463e-02
-1.362004815455347337e-02
-1.362044814043313415e-02
-1.362228501195118617e-02
-1.362626625340005587e-02
-1.365483410917038738e-02
-1.365625452641387565e-02
-1.367263636345610218e-02
-1.368200318541611463e-02
-1.369864171818847842e-02
-1.370329911166555392e-02
-1.371053497057694685e-02
-1.371114167807635509e-02
-1.372416270441708178e-02
-1.372665232052092468e-02
-1.376213835628235446e-02
-1.378958673272053653e-02
-1.379827290984846945e-02
-1.380927261256026904e-02
-1.382932670468929939e-02
-1.383128946534008599e-02
-1.384153517673278322e-02
-1.385731717529356706e-02
-1.386467766438662791e-02
-1.388277462631232889e-02
-1.391990618659016271e-02
-1.394185308472408250e-02
-1.395640093096066174e-02
-1.397805160579906718e-02
-1.399280601367104519e-02
-1.399790323187072826e-02
-1.401402740161175262e-02
-1.401733900325832088e-02
-1.403427883770371788e-02
-1.403731348182151763e-02
-1.403971044626626911e-02
-1.404222295672088658e-02
-1.405009234104986557e-02
-1.405297895249730394e-02
-1.405841389374275392e-02
-1.407081663220824223e-02
-1.407242132330151912e-02
-1.410597402076141198e-02
-1.412828183671983699e-02
-1.413378260356278060e-02
-1.419332743074133360e-02
-1.419545330718906956e-02
-1.422604356022254095e-02
-1.422735666230039164e-02
-1.425920657443359094e-02
-1.428432202525423134e-02
-1.429906378230672709e-02
-1.430333858074017347e-02
-1.431834479211980746e-02
-1.432191583895663436e-02
-1.433792078089598035e-02
-1.434749904214360425e-02
-1.435413738312102915e-02
-1.436787622471260434e-02
-1.437718713860480432e-02
-1.438535434547408808e-02
-1.438841907995368034e-02
-1.443288388132047198e-02
-1.446401393741757538e-02
-1.447018828129053615e-02
-1.448004261932335501e-02
-1.449296079133151165e-02
-1.453515352355398693e-02
-1.454858304506427905e-02
-1.455070404780947277e-02
-1.457036818939562439e-02
-1.457384720318792223e-02
-1.461537377308328930e-02
-1.462627069311375760e-02
-1.464827839758465512e-02
-1.465807305629119456e-02
-1.466112531367292152e-02
-1.466530905815900503e-02
-1.470581416359025180e-02
-1.470882015314178837e-02
-1.471046726830451193e-02
-1.471329765275688692e-02
-1.473095323314282251e-02
-1.473117653331458901e-02
-1.473766538704043838e-02
-1.474223492809365911e-02
-1.477530787362365226e-02
-1.477890515540964018e-02
-1.478910847512617151e-02
-1.479396839765683216e-02
-1.480342066265386003e-02
-1.480414139489302262e-02
-1.482924559075839838e-02
-1.483671715806518174e-02
-1.485431231309584238e-02
-1.485712804504505866e-02
-1.486012026675325587e-02
-1.490605407159902897e-02
-1.493686707399719850e-02
-1.496338410969111528e-02
-1.499937090184555455e-02
-1.504200254095465483e-02
-1.504282424336057453e-02
-1.507882590941765286e-02
-1.509852172611218964e-02
-1.511227471057492375e-02
-1.511551697063620928e-02
-1.515453047417168742e-02
-1.516490646633841116e-02
-1.517796443468322903e-02
-1.518268783473063384e-02
-1.519632288595448508e-02
-1.523395963288293707e-02
-1.526158135676383525e-02
-1.529742382517843523e-02
-1.530515166759851588e-02
-1.530584610621971674e-02
-1.532617853178198063e-02
-1.532904024568769105e-02
-1.535159346829405476e-02
-1.535984461463463929e-02
-1.539284055138999061e-02
-1.539828739192163932e-02
-1.541289007059311669e-02
-1.544348512239601678e-02
-1.545764650384140633e-02
-1.545903048989375091e-02
-1.547698425642910283e-02
-1.550466429316588006e-02
-1.551434159967437013e-02
-1.551817637570101528e-02
-1.552011539844599768e-02
-1.555494403263940964e-02
-1.555780710528791022e-02
-1.556617397955890360e-02
-1.557002489911447213e-02
-1.557167741597358969e-02
-1.558935425388813766e-02
-1.559968359739499939e-02
-1.561094428265563661e-02
-1.562080446944602574e-02
-1.562161695524245941e-02
-1.562406790613746557e-02
-1.562688251423874353e-02
-1.568219254069153773e-02
-1.575317780507393822e-02
-1.576387964430899999e-02
-1.581393088051158066e-02
-1.583032052041642018e-02
-1.583137214595794692e-02
-1.583498032618877588e-02
-1.585247211145071264e-02
-1.586688450981271759e-02
-1.586801663148814170e-02
-1.587095598251182793e-02
-1.592904904179128639e-02
-1.594255893030243482e-02
-1.595011851217587734e-02
-1.597117644172594761e-02
-1.597317372846877859e-02
-1.597793607881758948e-02
-1.599742644027750405e-02
-1.600002251684336241e-02
-1.602817018044374459e-02
-1.603537471088135533e-02
-1.607420821469709646e-02
-1.618323296215504539e-02
-1.618373297972147684e-02
-1.618826390485205574e-02
-1.622163756610855989e-02
-1.625144489003756132e-02
-1.626816021396494324e-02
-1.627202050145961504e-02
-1.632563400042751425e-02
-1.633330216259913648e-02
-1.633359470839702149e-02
-1.633818750804977987e-02
-1.634420217122320440e-02
-1.635739131547692821e-02
-1.635853682868789252e-02
-1.636746707264516432e-02
-1.641244878066680513e-02
-1.642174579919886829e-02
-1.644668344017071251e-02
-1.648523153113886155e-02
-1.649308643707031105e-02
-1.650352343229006397e-02
-1.650820216935968560e-02
-1.651337408400548046e-02
-1.652274855894403718e-02
-1.652698629113654935e-02
-1.653551359903557977e-02
-1.655736311604087685e-02
-1.658692349692558049e-02
-1.660509929884711189e-02
-1.668326628699019765e-02
-1.668408715195720399e-02
-1.670610728934946929e-02
-1.670670741250996488e-02
-1.671774909432188067e-02
-1.672165814664833966e-02
-1.675794758604028101e-02
-1.679160709151033062e-02
-1.681174035010122442e-02
-1.682627615286140521e-02
-1.684040068462738446e-02
-1.685308098568805840e-02
-1.688382166137194357e-02
-1.688599733533206054e-02
-1.689284579213534698e-02
-1.690235658402873889e-02
-1.692751481936586797e-02
-1.693608540907988111e-02
-1.697830389091489756e-02
-1.698478946076163038e-02
-1.699363572614578585e-02
-1.699943918675487012e-02
-1.701070930138491588e-02
-1.702881466001419236e-02
-1.703289783173406874e-02
-1.703776285166226298e-02
-1.706764585870951950e-02
-1.712256677304444669e-02
-1.712743359431362009e-02
-1.713739255396470526e-02
-1.714702474318418809e-02
-1.718177702733985138e-02
-1.718478281450094153e-02
-1.718914510948649915e-02
-1.721871204724152726e-02
-1.722210254279017347e-02
-1.722821503471690802e-02
-1.722885079390848451e-02
-1.723423750401120377e-02
-1.724286229532318027e-02
-1.727714021166982736e-02
-1.731346266729921063e-02
-1.737670108810833794e-02
-1.740828662235174851e-02
-1.742782044822882570e-02
-1.743247730120926070e-02
-1.743473479106563001e-02
-1.744859390965445428e-02
-1.744997762026673921e-02
-1.745869669532469637e-02
-1.748189417592091108e-02
-1.749217286067115268e-02
-1.752575948623442265e-02
-1.755290450402036823e-02
-1.755376466876934841e-02
-1.755797673048357585e-02
-1.758397017808205343e-02
-1.764822510996089805e-02
-1.766182378038045134e-02
-1.768099233617712734e-02
-1.769959716031774960e-02
-1.773873269378340237e-02
-1.777775354756708226e-02
-1.781870935191076644e-02
-1.782530203420530299e-02
-1.783222300554240802e-02
-1.792914364953846970e-02
-1.797152517356443227e-02
-1.798099359404661812e-02
-1.799607786820015681e-02
-1.799960581564775952e-02
-1.800596237783848308e-02
-1.801673085080263831e-02
-1.802621406867555010e-02
-1.808718690745521329e-02
-1.809091130811484732e-02
-1.810616249824356649e-02
-1.811928584696539252e-02
-1.812438701512574662e-02
-1.812894874512571003e-02
-1.814059612752437142e-02
-1.816405547381679669e-02
-1.817688385571082990e-02
-1.818104112422239821e-02
-1.818300654897652205e-02
-1.820719610324124382e-02
-1.820847016796503168e-02
-1.823351007321794698e-02
-1.826518055925244882e-02
-1.830107180612009984e-02
-1.830547069188622269e-02
-1.840683894285937566e-02
-1.843741141857262872e-02
-1.845885921189737572e-02
-1.849012965567883859e-02
-1.849759996257077654e-02
-1.855479180265551947e-02
-1.856269895250786325e-02
-1.856817226882315902e-02
-1.856902557360175579e-02
-1.858697906416833037e-02
-1.859639843811361840e-02
-1.860753661773487805e-02
-1.862872505644079177e-02
-1.863735105362664124e-02
-1.865897022562302762e-02
-1.867132078669758027e-02
-1.867237284065640518e-02
-1.868956377655988169e-02
-1.870250485026787521e-02
-1.871373071911901914e-02
-1.876727463183871375e-02
-1.877563006582810140e-02
-1.878544903842340255e-02
-1.882076985341244596e-02
-1.882378037886054192e-02
-1.885249983650619937e-02
-1.890438472260090944e-02
-1.894847181291484800e-02
-1.902345213656617823e-02
-1.905505689195280752e-02
-1.909968533403890237e-02
-1.912054860878973847e-02
-1.913258228566010188e-02
-1.915595767076966327e-02
-1.917645073742837297e-02
-1.919750177570060320e-02
-1.921460711103741004e-02
-1.923583970391305395e-02
-1.924195146420171892e-02
-1.926678996068315053e-02
-1.927047408977957538e-02
-1.927196393638584693e-02
-1.927856430736813592e-02
-1.927983643309756634e-02
-1.931491423403588342e-02
-1.937444373537971359e-02
-1.939139871561865180e-02
-1.939957643375749691e-02
-1.943244126614399395e-02
-1.946838056386579127e-02
-1.952408194226246466e-02
-1.957579142961034246e-02
-1.959003059510431438e-02
-1.963227802990811371e-02
-1.964136286701851850e-02
-1.964988159767660711e-02
-1.965411945162627225e-02
-1.965704322805851556e-02
-1.967558767028031522e-02
-1.970648370709996572e-02
-1.976915592351739109e-02
-1.977702116068587312e-02
-1.979416784631757298e-02
-1.980224714584106344e-02
-1.982004185117092546e-02
-1.982887045272646587e-02
-1.982966103526014393e-02
-1.985300351605075522e-02
-1.986140482460704501e-02
-1.988571951497423301e-02
-1.992364016606561899e-02
-1.992952584811173364e-02
-1.993922230047992863e-02
-1.994420797716428551e-02
-1.996073991761244948e-02
-1.996370483644526600e-02
-1.998736791103415678e-02
-2.000244283110389973e-02
-2.001136066672219022e-02
-2.001919540685036594e-02
-2.004293975504790881e-02
-2.004463719894848672e-02
-2.004709726961249189e-02
-2.008664199637989756e-02
-2.010368262042526444e-02
-2.014737851388125056e-02
-2.021236326726906160e-02
-2.024015958236139931e-02
-2.026915084294712843e-02
-2.030724213409300719e-02
-2.032777156348275840e-02
-2.033171348091661682e-02
-2.034211998442148756e-02
-2.036310960638226114e-02
-2.038652986587065341e-02
-2.040362765231030009e-02
-2.040971330094213526e-02
-2.044504792040545416e-02
-2.046233340807272066e-02
-2.047220634491411437e-02
-2.047929044091508638e-02
-2.050509689385551781e-02
-2.052179381274938860e-02
-2.052256093651216862e-02
-2.052271228913242485e-02
-2.053268420653205778e-02
-2.053497169185526314e-02
-2.056799572453948260e-02
-2.057198940227792511e-02
-2.058271046716180636e-02
-2.059240319061275346e-02
-2.059960627558863472e-02
-2.060035868009185700e-02
-2.062441669854186976e-02
-2.062578026042432081e-02
-2.062598669082666911e-02
-2.063056509524058280e-02
-2.063404254623471892e-02
-2.066094230061489914e-02
-2.066475417976791629e-02
-2.067843180734537864e-02
-2.070339598407512985e-02
-2.072045641882463984e-02
-2.075117697930247210e-02
-2.076717838167429012e-02
-2.078433259976934094e-02
-2.082545732758353529e-02
-2.082703195589653486e-02
-2.085312681739210153e-02
-2.088101028650168889e-02
-2.088792627116101142e-02
-2.089612623757383658e-02
-2.090059519139146268e-02
-2.091656385312562483e-02
-2.096807564547224778e-02
-2.097053351919782663e-02
-2.098478272100117240e-02
-2.105159211150948312e-02
-2.109946390280080172e-02
-2.110156841418325130e-02
-2.112824048363678986e-02
-2.116227866179769268e-02
-2.119029924341403817e-02
-2.119284618374859749e-02
-2.120208691603338996e-02
-2.124063096901691178e-02
-2.124705582512316851e-02
-2.131871239305691001e-02
-2.133417456739835141e-02
-2.135155631001656867e-02
-2.136570415987815164e-02
-2.137191242988797230e-02
-2.144799374130092889e-02
-2.149823053334294631e-02
-2.152728209553642774e-02
-2.162193879993925399e-02
-2.168637708145318768e-02
-2.168731938998938458e-02
-2.169751688805824502e-02
-2.172460671497194323e-02
-2.177015715389930134e-02
-2.178346864664579274e-02
-2.180047222722013983e-02
-2.180598893789498921e-02
-2.182878682889230482e-02
-2.184617414652915632e-02
-2.185807926854946640e-02
-2.185929287989812897e-02
-2.197334984558415791e-02
-2.198890807378806739e-02
-2.198958283927818919e-02
-2.202712818420318394e-02
-2.205360105057558792e-02
-2.206258273762087135e-02
-2.207190026077356440e-02
-2.208046363799241740e-02
-2.210204354897626206e-02
-2.212116106157650114e-02
-2.217409474303540934e-02
-2.220751233885747550e-02
-2.223721762139077573e-02
-2.225378665093317304e-02
-2.225592926553999693e-02
-2.226140039183303540e-02
-2.229676702524821530e-02
-2.230231019369951356e-02
-2.232392139990808239e-02
-2.233090901177623572e-02
-2.236537126628672725e-02
-2.239980189125441098e-02
-2.243476098537312141e-02
-2.243691821367023442e-02
-2.244217827779618549e-02
-2.247228949582230281e-02
-2.249235757611545844e-02
-2.251287454696786899e-02
-2.253455012214045788e-02
-2.253478645176509171e-02
-2.253694598242069608e-02
-2.262276091335750638e-02
-2.270606416991018811e-02
-2.271680192377494717e-02
-2.271987586812281371e-02
-2.272549994073412918e-02
-2.274376204048429370e-02
-2.278439082078032030e-02
-2.279310044374688315e-02
-2.279735741643104663e-02
-2.282289351620071446e-02
-2.282582275338383704e-02
-2.285224528977818775e-02
-2.292864152079849421e-02
-2.302189557980508644e-02
-2.304297768805570884e-02
-2.312001855778707607e-02
-2.314054365700705593e-02
-2.317160858928399292e-02
-2.320154905573106052e-02
-2.320295236072750927e-02
-2.324873779649230116e-02
-2.325921828424374477e-02
-2.327386211323736326e-02
-2.330987514790556353e-02
-2.331680449106499076e-02
-2.334442557167638183e-02
-2.337532631326168578e-02
-2.337862551131598965e-02
-2.339287432196098318e-02
-2.342356705962415214e-02
-2.343737909930943344e-02
-2.344905381878954059e-02
-2.345193612795801186e-02
-2.347511002862275042e-02
-2.354531096327116060e-02
-2.360745315077333872e-02
-2.361806466299673501e-02
-2.365464091056305312e-02
-2.368100126474018130e-02
-2.371105828897088208e-02
-2.371111590260253227e-02
-2.377473498853557160e-02
-2.379888024259610088e-02
-2.384930826518137995e-02
-2.386237640514593528e-02
-2.387191778708968454e-02
-2.390666195131741986e-02
-2.394648698710678467e-02
-2.395269190769391127e-02
-2.395595942851720672e-02
-2.397026770080105604e-02
-2.402230567240291187e-02
-2.405455444695640127e-02
-2.409135266290380120e-02
-2.411211456189239766e-02
-2.412726309843523168e-02
-2.413585144857028145e-02
-2.416087612215396876e-02
-2.417770267430961739e-02
-2.418038536968051405e-02
-2.419323348988616784e-02
-2.421463820473478828e-02
-2.422029503411917903e-02
-2.424436955283304496e-02
-2.427145234428243481e-02
-2.431479913892992117e-02
-2.432893320859511044e-02
-2.433962293017376266e-02
-2.434862212205953641e-02
-2.435869650638974523e-02
-2.436095234398977932e-02
-2.436457637701683332e-02
-2.436778937280879159e-02
-2.439967801998531999e-02
-2.441190323654918518e-02
-2.441237453432741622e-02
-2.443304454271288950e-02
-2.446062743623032137e-02
-2.446444115504615990e-02
-2.448457522232216910e-02
-2.449392779171791906e-02
-2.452709887422427348e-02
-2.454806480857970458e-02
-2.455198435615004934e-02
-2.456361944151808779e-02
-2.469073154742198323e-02
-2.472160941706040213e-02
-2.474942796478754939e-02
-2.475206700035269616e-02
-2.480222726647664591e-02
-2.482582742077208901e-02
-2.485052704044461019e-02
-2.485296478384784596e-02
-2.494478660764081618e-02
-2.496828366186714179e-02
-2.497080313450141670e-02
-2.504996954480435620e-02
-2.505640421022424166e-02
-2.507265874898455954e-02
-2.508071243559875652e-02
-2.511735585339700677e-02
-2.518056973888773559e-02
-2.519404944344342742e-02
-2.520291237894618092e-02
-2.525885968275834448e-02
-2.527851994599244340e-02
-2.528443242863583074e-02
-2.533775848432934588e-02
-2.534984337788612554e-02
-2.541440444170345661e-02
-2.542363384273620130e-02
-2.544869525906324342e-02
-2.548877366785431628e-02
-2.549688931127054581e-02
-2.553582519163080655e-02
-2.555172405155996251e-02
-2.558549986433480278e-02
-2.558651294663236153e-02
-2.560078078215104885e-02
-2.560138092765446710e-02
-2.568680222976425093e-02
-2.574673333641534778e-02
-2.574983536705111736e-02
-2.576284349154786199e-02
-2.579052004827768127e-02
-2.579479635637334928e-02
-2.579953588819001650e-02
-2.585574775516528631e-02
-2.587244485502430622e-02
-2.588849393631466322e-02
-2.589640345566310634e-02
-2.589991826343674558e-02
-2.593239493643580140e-02
-2.593642238802246203e-02
-2.596204104408013705e-02
-2.599874355857789004e-02
-2.600036581468027214e-02
-2.605610756564481073e-02
-2.607361391784628751e-02
-2.609366497841633659e-02
-2.610426378226626820e-02
-2.615641927936137451e-02
-2.618021763368183485e-02
-2.623403866417843219e-02
-2.624204825770180133e-02
-2.627638656215640009e-02
-2.629813078233235110e-02
-2.630139904215166025e-02
-2.633866726710256193e-02
-2.635626343888031881e-02
-2.636525171387188102e-02
-2.638617681005238705e-02
-2.640521266887992102e-02
-2.641198238478003821e-02
-2.643948482296036573e-02
-2.648908459265482754e-02
-2.650433756783576039e-02
-2.656384011958484032e-02
-2.656532339889759037e-02
-2.657771125640180990e-02
-2.661373065395395560e-02
-2.666294276626499787e-02
-2.667519115467053073e-02
-2.668435994041835554e-02
-2.677938943679909756e-02
-2.680357479914271049e-02
-2.680934011703276637e-02
-2.683183803123202413e-02
-2.686259353928452040e-02
-2.692849793155253219e-02
-2.693735300911826933e-02
-2.694371854736127975e-02
-2.694789184202517340e-02
-2.697952622000579503e-02
-2.698818504857545403e-02
-2.702070207272640537e-02
-2.705075404612820172e-02
-2.705553459839516589e-02
-2.706078953667610809e-02
-2.716635443603244646e-02
-2.719869180658637114e-02
-2.725124675528953211e-02
-2.728983318457837634e-02
-2.730100250348564683e-02
-2.734976041759346749e-02
-2.735226112500644888e-02
-2.736912013989367676e-02
-2.737580209862197980e-02
-2.737640609693620108e-02
-2.740957620433714242e-02
-2.741131718642330142e-02
-2.743741685242094205e-02
-2.744271274181826065e-02
-2.744875601222789355e-02
-2.745235791284263149e-02
-2.747596983392453646e-02
-2.754800491740570789e-02
-2.762607486212671770e-02
-2.763930469285963074e-02
-2.766407855829163681e-02
-2.773585684771085608e-02
-2.774448834248128409e-02
-2.776526212277789091e-02
-2.777417151945801507e-02
-2.779564059778127927e-02
-2.780018999127544660e-02
-2.782195958935237967e-02
-2.783439121041483486e-02
-2.798359028069281190e-02
-2.807079845283957584e-02
-2.808916342307650471e-02
-2.810012075259529091e-02
-2.810599058948110365e-02
-2.815326239903208697e-02
-2.815519344039388652e-02
-2.816996957823433498e-02
-2.824009562978408924e-02
-2.828551142507142180e-02
-2.839730855126333317e-02
-2.841894961244937831e-02
-2.845074575904353587e-02
-2.846260011768636175e-02
-2.850306173881729174e-02
-2.857372114947155650e-02
-2.860249158403149403e-02
-2.860822901696175036e-02
-2.861768507071799778e-02
-2.862647774407125340e-02
-2.864611858155633600e-02
-2.865446641839288280e-02
-2.870161168064035498e-02
-2.877916911798382438e-02
-2.878349562721332217e-02
-2.879919348659346415e-02
-2.882811417948565047e-02
-2.889760853768793061e-02
-2.892807497679904249e-02
-2.893437522659387043e-02
-2.903193546469202968e-02
-2.904424088419946259e-02
-2.906569419734652410e-02
-2.906911130322482190e-02
-2.908001020775120848e-02
-2.913354325341835360e-02
-2.927097038429491566e-02
-2.929403017694041239e-02
-2.931859510180836667e-02
-2.937825997107643139e-02
-2.939263735122957938e-02
-2.942719503602240355e-02
-2.946582014885062301e-02
-2.951698801469317818e-02
-2.955859415145131730e-02
-2.958815934022646782e-02
-2.962220027351529505e-02
-2.962257929535858092e-02
-2.963937735502239490e-02
-2.964109428532409746e-02
-2.966032256583749083e-02
-2.973321636656675593e-02
-2.977973189585946673e-02
-2.979490778917047097e-02
-2.982853330245568979e-02
-2.988128211163667419e-02
-2.989947604124268410e-02
-2.993543781865413284e-02
-2.998925037346707179e-02
-3.000294436192366826e-02
-3.000513820946967836e-02
-3.000577935635770702e-02
-3.001205566889341911e-02
-3.005077408612329137e-02
-3.005940947173836933e-02
-3.007046751733803008e-02
-3.007696064571380168e-02
-3.009739481756686444e-02
-3.010687374734385274e-02
-3.012751565581757093e-02
-3.014919892759631431e-02
-3.015544084932553215e-02
-3.016333599328700071e-02
-3.017221843732954129e-02
-3.017602606553089831e-02
-3.033725720315944008e-02
-3.034936200216831192e-02
-3.035092756294656413e-02
-3.037314401813087650e-02
-3.037809587563851735e-02
-3.040852223760192458e-02
-3.043167356229062315e-02
-3.043471262970406932e-02
-3.043686329489810050e-02
-3.047114953324300130e-02
-3.048440934141722486e-02
-3.049116282467531636e-02
-3.049714530192354500e-02
-3.051984880408020392e-02
-3.052697274324576646e-02
-3.053208151934649200e-02
-3.053688650060002244e-02
-3.057605664192209610e-02
-3.060331229322860863e-02
-3.061326571666116506e-02
-3.061735710954889556e-02
-3.061932346442534925e-02
-3.066653477295394614e-02
-3.067489100012756736e-02
-3.067608192168623862e-02
-3.071043534798506558e-02
-3.071651556107467956e-02
-3.072184583672018382e-02
-3.081155324781284857e-02
-3.083562988199559096e-02
-3.088012539326046024e-02
-3.094613408478371491e-02
-3.094811285011839566e-02
-3.096880926768003431e-02
-3.097492637531374868e-02
-3.101081477925221250e-02
-3.103305858334078418e-02
-3.104758320446486877e-02
-3.106191204494489211e-02
-3.110489033010671242e-02
-3.117329172215621211e-02
-3.117977211573295243e-02
-3.122465513426502665e-02
-3.125278007809652314e-02
-3.128804220459369123e-02
-3.130133544030223175e-02
-3.130216409592893184e-02
-3.130363408151554810e-02
-3.135368983402058579e-02
-3.145633859526571208e-02
-3.150878391103212328e-02
-3.152164501895401982e-02
-3.155853969444001594e-02
-3.161412306729153437e-02
-3.163911940105434278e-02
-3.169179432481158271e-02
-3.172453884927591006e-02
-3.173040177134769241e-02
-3.176400269498678985e-02
-3.182792566743364998e-02
-3.183057827752046320e-02
-3.186820858525572786e-02
-3.186994242052121340e-02
-3.193477116418535350e-02
-3.194341794973831750e-02
-3.197265766303403201e-02
-3.197592749944690171e-02
-3.199250569948375311e-02
-3.201194813016384338e-02
-3.201748305793168659e-02
-3.209333302260916621e-02
-3.209593914121578601e-02
-3.211622649571709703e-02
-3.234170471587617668e-02
-3.236792571235708876e-02
-3.243437177187089016e-02
-3.243953670582994109e-02
-3.244262684359856125e-02
-3.245117139244307891e-02
-3.257017175700374634e-02
-3.260382885277209042e-02
-3.261546203125620380e-02
-3.262609953335646185e-02
-3.270049041515512428e-02
-3.272377175767166718e-02
-3.275947614012295062e-02
-3.277698534744054315e-02
-3.278900462658859705e-02
-3.287059690344724949e-02
-3.288408193915464545e-02
-3.289784428590727255e-02
-3.290110634844659737e-02
-3.290850594064663459e-02
-3.293757443112721450e-02
-3.293941025741912998e-02
-3.296317245828783715e-02
-3.303757895826010121e-02
-3.304169493034440908e-02
-3.310792473345564035e-02
-3.310804888972156829e-02
-3.313495417813615285e-02
-3.314297799037567438e-02
-3.327326845394765198e-02
-3.330908205434531671e-02
-3.332959845783467490e-02
-3.334526139645759002e-02
-3.336023879085864979e-02
-3.336389939189329801e-02
-3.340029564309269366e-02
-3.342625573690981983e-02
-3.347418918266426013e-02
-3.349726929464393738e-02
-3.352834250863901550e-02
-3.356545033073925210e-02
-3.378741250558137121e-02
-3.388323579963715970e-02
-3.389022916086233822e-02
-3.392035203393808235e-02
-3.396749302818504596e-02
-3.398588637026959264e-02
-3.404860741212138719e-02
-3.405718942058137688e-02
-3.405859324517406667e-02
-3.409056222120737667e-02
-3.413269070144427791e-02
-3.415974262750364615e-02
-3.416814764175039182e-02
-3.418818864849583472e-02
-3.422231984688950401e-02
-3.423470086002557838e-02
-3.425607103087789651e-02
-3.429585747762887993e-02
-3.433492024804086357e-02
-3.437447722455500010e-02
-3.438230272223264522e-02
-3.441716383293293852e-02
-3.442866138262104525e-02
-3.448980886567547949e-02
-3.449585544750741195e-02
-3.455442297263790208e-02
-3.456515509529610453e-02
-3.459979384165057237e-02
-3.464615215646980884e-02
-3.477433536845775386e-02
-3.483317643615575776e-02
-3.484476907380155281e-02
-3.488344011289845614e-02
-3.488578238542192761e-02
-3.492880514534200953e-02
-3.502467271633996626e-02
-3.511922908594371229e-02
-3.516173740293512123e-02
-3.519387420171211228e-02
-3.519496055668531326e-02
-3.526165963629129818e-02
-3.527146569885478145e-02
-3.540756960066299835e-02
-3.545808249989084587e-02
-3.569517881389780434e-02
-3.575664702597871475e-02
-3.576647393771472533e-02
-3.578695202182346352e-02
-3.590651148192870040e-02
-3.599720511442674326e-02
-3.602459493072376895e-02
-3.605340781363300384e-02
-3.605875879728286104e-02
-3.607228988866551661e-02
-3.611594181129150483e-02
-3.626239846885237483e-02
-3.634813506029139357e-02
-3.636052266670303929e-02
-3.638368623656916545e-02
-3.655740245438884872e-02
-3.656475136798595371e-02
-3.658969103079637991e-02
-3.661279798871741598e-02
-3.668532963850555662e-02
-3.672815954834830754e-02
-3.681177101793196849e-02
-3.682200114666085711e-02
-3.682255980506664306e-02
-3.689512725452866876e-02
-3.690742886573807752e-02
-3.698502243031211167e-02
-3.699873030943903740e-02
-3.702453242790754856e-02
-3.704701590724697458e-02
-3.706640403185744448e-02
-3.713524873788438124e-02
-3.714080822994493547e-02
-3.716300857091622140e-02
-3.718054775438554838e-02
-3.720098623345557964e-02
-3.720542439482010105e-02
-3.723384440973642046e-02
-3.725894680512159551e-02
-3.727112146728518705e-02
-3.730236348758204229e-02
-3.734111146754244548e-02
-3.736458679875669792e-02
-3.747060412895121539e-02
-3.761921834001000220e-02
-3.766617070247520183e-02
-3.767241823925646799e-02
-3.775247851715520658e-02
-3.775947994348204106e-02
-3.776146058054918875e-02
-3.780644152970726035e-02
-3.781295840809707764e-02
-3.784343899671062383e-02
-3.786463906065003215e-02
-3.787389093518676864e-02
-3.788635609332373366e-02
-3.789889622213830911e-02
-3.790170625823137407e-02
-3.790955795569051628e-02
-3.797135186359770764e-02
-3.806061686363768071e-02
-3.810666646196828045e-02
-3.811353022208655711e-02
-3.811445630282982860e-02
-3.817791209400321628e-02
-3.826421929076428974e-02
-3.826648607104009281e-02
-3.830958459379537467e-02
-3.830985496190493500e-02
-3.835064542675302446e-02
-3.837628938797369577e-02
-3.838813511026774317e-02
-3.843518322323781489e-02
-3.850397357107825796e-02
-3.856197901866052075e-02
-3.866179105832703855e-02
-3.869033244544990702e-02
-3.869286259883364387e-02
-3.869292583912312122e-02
-3.869767320680500555e-02
-3.878163487205355670e-02
-3.879113232601300032e-02
-3.881333937756897834e-02
-3.881465487319624152e-02
-3.889228543551358219e-02
-3.890895377069993055e-02
-3.894037727141800437e-02
-3.896559125173330862e-02
-3.902481654871404332e-02
-3.910818940883045713e-02
-3.921715829179113488e-02
-3.924137220184775732e-02
-3.925863101238974417e-02
-3.926466453782821719e-02
-3.930886986491315127e-02
-3.932743664277438267e-02
-3.936288812122309272e-02
-3.944265800008477096e-02
-3.951178933223138678e-02
-3.954220820435509764e-02
-3.959809648883263339e-02
-3.961306947691728420e-02
-3.961463928702976811e-02
-3.967457276644612008e-02
-3.968640108082151230e-02
-3.973565447841323484e-02
-3.981371332538553853e-02
-3.981902272938207810e-02
-3.982802375995744132e-02
-3.985874076356404894e-02
-3.993188636731049429e-02
-4.005165714790454717e-02
-4.012929072396111130e-02
-4.019670555270805218e-02
-4.023340664959570295e-02
-4.027194996006711047e-02
-4.028906596729914941e-02
-4.032199826937823972e-02
-4.036197604229033870e-02
-4.036512646825465844e-02
-4.049611607701520538e-02
-4.049868742011044492e-02
-4.052030612869421400e-02
-4.056352522856896542e-02
-4.056877404289727096e-02
-4.059319424179684554e-02
-4.071770116712510046e-02
-4.097577685947374065e-02
-4.101187890636336791e-02
-4.110912705671120049e-02
-4.118136177946794124e-02
-4.119760256720765568e-02
-4.120609649059018414e-02
-4.128018532567685056e-02
-4.129633500349559616e-02
-4.131850065862262278e-02
-4.145286437182996164e-02
-4.147564313888458393e-02
-4.149566882412199925e-02
-4.151243409597654005e-02
-4.151285913457555821e-02
-4.155827253861247433e-02
-4.159088454910367383e-02
-4.166296193185285018e-02
-4.168485395043904085e-02
-4.168597686027803589e-02
-4.169275576679698503e-02
-4.177915952801690425e-02
-4.181277199765733033e-02
-4.186349079032065240e-02
-4.192292490530393628e-02
-4.204425821087769827e-02
-4.204785519609594013e-02
-4.217017863072636957e-02
-4.230514984134280121e-02
-4.245358626022232434e-02
-4.247219777049904277e-02
-4.249770585518763966e-02
-4.250046441883721660e-02
-4.252719431503296926e-02
-4.253849735853884595e-02
-4.266048101329179137e-02
-4.274263401549651537e-02
-4.276466860792606933e-02
-4.278564989616519265e-02
-4.294109778461933924e-02
-4.294405586006595082e-02
-4.314362271208516814e-02
-4.317269207813743959e-02
-4.321448380734072003e-02
-4.323819009534746183e-02
-4.329538084907406242e-02
-4.339437820881446306e-02
-4.341220227025677225e-02
-4.350831527075463973e-02
-4.351404284206989576e-02
-4.355331595900184538e-02
-4.358312633845688733e-02
-4.370501885890606258e-02
-4.374647392479806551e-02
-4.376608726155248319e-02
-4.388377822724135596e-02
-4.390976477698272512e-02
-4.398814092128557063e-02
-4.401027004750257543e-02
-4.405986669506518211e-02
-4.408856769347768018e-02
-4.410683929102218043e-02
-4.420180059102366693e-02
-4.429758047847465879e-02
-4.431186389267975645e-02
-4.444745509567022551e-02
-4.455087476074016950e-02
-4.459677388874896259e-02
-4.459779701965747162e-02
-4.469180053539591191e-02
-4.471036286676030591e-02
-4.475629806720541476e-02
-4.481154862145836359e-02
-4.484448637462638831e-02
-4.484980427838100581e-02
-4.489249322084151728e-02
-4.489253035264900715e-02
-4.494538723416582199e-02
-4.501702310488676917e-02
-4.502606220857815339e-02
-4.503938699664429557e-02
-4.506123166279832337e-02
-4.511169105615280006e-02
-4.512438698069983628e-02
-4.513232241404631362e-02
-4.513856812909819438e-02
-4.514830149495892980e-02
-4.515792983849163666e-02
-4.521248226933693992e-02
-4.530200162319322765e-02
-4.534071260748021026e-02
-4.536138575687168051e-02
-4.536641960407863938e-02
-4.540004260859770158e-02
-4.542137184620940321e-02
-4.552099433139812634e-02
-4.553279414169163208e-02
-4.553743091644981561e-02
-4.555404353446802779e-02
-4.556686985802399503e-02
-4.562556910511208347e-02
-4.568949221781268971e-02
-4.578958461495034882e-02
-4.580117171112471630e-02
-4.582214914679583195e-02
-4.588113636418249264e-02
-4.593025095794753959e-02
-4.595314558627251744e-02
-4.603813059075619052e-02
-4.606503998246389009e-02
-4.619299950755684225e-02
-4.621737738612249902e-02
-4.622272908583763273e-02
-4.623580546215060733e-02
-4.624944936567480791e-02
-4.641303459438349960e-02
-4.642137549658296308e-02
-4.642499298307287137e-02
-4.645754601977968717e-02
-4.647381952544772654e-02
-4.666001137590557873e-02
-4.668027868130373431e-02
-4.681066752441946643e-02
-4.687330563071973738e-02
-4.696904686938316309e-02
-4.704709535073740151e-02
-4.706970938697258022e-02
-4.718512158641803567e-02
-4.732228588381724027e-02
-4.733969074912822150e-02
-4.737900386496474159e-02
-4.738084229938779174e-02
-4.748872498181841428e-02
-4.753870534030295303e-02
-4.753958470174101530e-02
-4.764255983786351567e-02
-4.772567008412592626e-02
-4.781699003430797679e-02
-4.784552729794714493e-02
-4.788993114671127177e-02
-4.805177182353950055e-02
-4.813066644830994029e-02
-4.833482917180696031e-02
-4.835106369898437007e-02
-4.836088774887743746e-02
-4.842843444566079236e-02
-4.843481950687792553e-02
-4.852194212365447401e-02
-4.853531713951431126e-02
-4.854055532717729826e-02
-4.859147509554792577e-02
-4.859998706380808109e-02
-4.861082069942992967e-02
-4.875131469620182928e-02
-4.889943984442557401e-02
-4.895035522058670263e-02
-4.896006438956095053e-02
-4.902041905696051527e-02
-4.906638169561504392e-02
-4.918001882665856694e-02
-4.922294838141266782e-02
-4.929811696277902611e-02
-4.933126108987741926e-02
-4.944021658200219160e-02
-4.951896814463269819e-02
-4.953259065648229348e-02
-4.954456549863828912e-02
-4.985904543368195607e-02
-4.993903203480503511e-02
-4.994072087126083526e-02
-4.994147441668602555e-02
-5.003889087611046449e-02
-5.036324797593014213e-02
-5.041214022644895792e-02
-5.053330594631956496e-02
-5.055293518133231745e-02
-5.056913539128834317e-02
-5.063446570334895896e-02
-5.066690352883528037e-02
-5.070614376973665155e-02
-5.072448087104971387e-02
-5.073151645941281762e-02
-5.075066535325420403e-02
-5.076783067600681987e-02
-5.084272447290133501e-02
-5.096801392895274063e-02
-5.098542014669893430e-02
-5.110786473890637643e-02
-5.124807122051934505e-02
-5.127568692755493651e-02
-5.132736144837674735e-02
-5.138946405103762133e-02
-5.154986586031385515e-02
-5.155514583548484464e-02
-5.158429128580549472e-02
-5.167691216648408886e-02
-5.168401501008339921e-02
-5.180836724048788755e-02
-5.213961071602915553e-02
-5.214205066186586301e-02
-5.214970423993970511e-02
-5.216646680123175617e-02
-5.253160839391383952e-02
-5.256563963338432149e-02
-5.277448267704609730e-02
-5.283205657061749994e-02
-5.292419559539957019e-02
-5.296995560324511965e-02
-5.302576526844592769e-02
-5.312762114593996832e-02
-5.317375315045645701e-02
-5.317471182946149205e-02
-5.333456618490606954e-02
-5.335229195377680367e-02
-5.338364216070179413e-02
-5.359490493658548155e-02
-5.362641010982483608e-02
-5.364625194558655247e-02
-5.365585794501172290e-02
-5.367063134129194252e-02
-5.391276360522340855e-02
-5.399467135844352589e-02
-5.404532847840574916e-02
-5.413586188258649734e-02
-5.415407939651999125e-02
-5.435900306869471954e-02
-5.437362091065128800e-02
-5.442315639740728794e-02
-5.450431074963405648e-02
-5.462687247741146446e-02
-5.463438358335241662e-02
-5.487111501307967432e-02
-5.504435862000801871e-02
-5.505683299523349977e-02
-5.510712645442455287e-02
-5.510844647001406083e-02
-5.522895547854610176e-02
-5.540623418010483248e-02
-5.558653819618323416e-02
-5.565974704456765065e-02
-5.568898376513671533e-02
-5.573658146286890325e-02
-5.575214560048095958e-02
-5.584252197717592264e-02
-5.593905551651365965e-02
-5.605682884190379967e-02
-5.607315254848574404e-02
-5.636991049222160599e-02
-5.637929981931278506e-02
-5.643334730787603892e-02
-5.649831813630935146e-02
-5.658213725812076544e-02
-5.679546244711870112e-02
-5.700184616487413009e-02
-5.733548874353285030e-02
-5.746823733038224774e-02
-5.755315013142139197e-02
-5.768373740618830403e-02
-5.769540724112160596e-02
-5.787971808974213400e-02
-5.791574968265880696e-02
-5.797077705693295252e-02
-5.818344193820677857e-02
-5.830749242497503676e-02
-5.831896557037753032e-02
-5.844742214064617414e-02
-5.859315867775531650e-02
-5.863206827547626926e-02
-5.865841566807099283e-02
-5.872974758843954590e-02
-5.896642321431429246e-02
-5.903609474755945608e-02
-5.905609818440333419e-02
-5.912036383981557341e-02
-5.947069120043134427e-02
-5.950275489999707484e-02
-5.952566847247983683e-02
-5.954638785846948917e-02
-5.955076769190065233e-02
-5.984167302633695840e-02
-5.996734375222786961e-02
-6.020524030519879694e-02
-6.021916743326140992e-02
-6.037242299147218411e-02
-6.038412113931723724e-02
-6.039865277669065335e-02
-6.051380945663987349e-02
-6.057657510130202982e-02
-6.071564509159381451e-02
-6.085481309977566061e-02
-6.108165320726514219e-02
-6.154184477110812013e-02
-6.178033949670323766e-02
-6.181069901707726688e-02
-6.186651704743385133e-02
-6.205961922561870070e-02
-6.208324539494976951e-02
-6.263967446211626822e-02
-6.268003319511357418e-02
-6.299340481712402406e-02
-6.304459518138366692e-02
-6.355392033493083292e-02
-6.362509402648146295e-02
-6.386973471611775977e-02
-6.393821995795830049e-02
-6.458092739571731633e-02
-6.459275821405878470e-02
-6.493018012852458387e-02
-6.498405047687823288e-02
-6.502352449921847133e-02
-6.538563737232340467e-02
-6.556176899285692805e-02
-6.562575484543152482e-02
-6.578642463128549223e-02
-6.583046340682054132e-02
-6.597765832851786028e-02
-6.607882456125491188e-02
-6.614344266577788789e-02
-6.614503662326362554e-02
-6.621636260031869836e-02
-6.636698538923449520e-02
-6.652343382818791395e-02
-6.671931377829680432e-02
-6.704769666000928718e-02
-6.733862324839107183e-02
-6.771386384141751813e-02
-6.776264893625633112e-02
-6.778604535583319934e-02
-6.788470805739790781e-02
-6.806123578778414118e-02
-6.823436954003815613e-02
-6.827793460103261103e-02
-6.917826509165193871e-02
-6.931263461392619951e-02
-6.964906883330787557e-02
-7.051818942088176889e-02
-7.083231658272892695e-02
-7.122830673074320718e-02
-7.151119889660431661e-02
-7.165693807094909717e-02
-7.179985164836746869e-02
-7.183492322957771292e-02
-7.201080509217344661e-02
-7.219251580515827216e-02
-7.230420088304942428e-02
-7.239090038747916789e-02
-7.306312017644329970e-02
-7.319393188209590007e-02
-7.319415998828665559e-02
-7.346105023503897435e-02
-7.349466029244206000e-02
-7.374561735844108179e-02
-7.396296755455281091e-02
-7.459934629502223968e-02
-7.460476277645997079e-02
-7.513213825615380759e-02
-7.554015365645691538e-02
-7.559570019900968552e-02
-7.609280443884756939e-02
-7.624968498999065702e-02
-7.629316861798401961e-02
-7.630497076854464433e-02
-7.634023675572461365e-02
-7.664904117836081332e-02
-7.695991757824902080e-02
-7.762958641352987743e-02
-7.770927286350888530e-02
-7.777208122947040780e-02
-7.795902948547817068e-02
-7.862670920410202990e-02
-7.878537162301629815e-02
-7.914157515395096876e-02
-7.921576658508885926e-02
-7.925369273099364120e-02
-7.931590290521196851e-02
-7.943304356905528385e-02
-7.985432802630407223e-02
-8.055935693989840773e-02
-8.067581955075298072e-02
-8.161471466204815728e-02
-8.171796501244399380e-02
-8.186578642765648950e-02
-8.204536869805298394e-02
-8.278013099803532837e-02
-8.283428122963824858e-02
-8.294986506584589581e-02
-8.333807320851654987e-02
-8.352743065745564521e-02
-8.375502494566994249e-02
-8.392301713850201794e-02
-8.403444391705683358e-02
-8.417812883188509343e-02
-8.447310571582528071e-02
-8.469466533018141230e-02
-8.549027822476576444e-02
-8.615561810610977700e-02
-8.625929119144856716e-02
-8.649154408133227778e-02
-8.663843915386763850e-02
-8.676298051177358528e-02
-8.746764021977085357e-02
-8.846423056921179362e-02
-8.987587491455806266e-02
-9.005133313171652387e-02
-9.035057115770132874e-02
-9.048612723990979989e-02
-9.145789860627644152e-02
-9.178407954038067529e-02
-9.275374155551301125e-02
-9.362970538457941749e-02
-9.722654772805645884e-02
-9.756214810141999871e-02
-9.766868850452714579e-02
-9.811029917412429635e-02
-1.001346833894150024e-01
-1.003949643744684872e-01
-1.028908848847335800e-01
-1.057267038017231375e-01
-1.060835782316400522e-01
-1.075324311137493688e-01
-1.088254100319303030e-01
-1.098031911774212527e-01
-1.115616693298155104e-01
-1.130686358063234392e-01
-1.132180827197701301e-01
-1.141683244191710467e-01
-1.147160758838134398e-01
-1.166567608674434070e-01
-1.188621494878554369e-01
-1.207890490755656604e-01
-1.237690808214418209e-01
-1.341734317215000916e-01
-1.537327046141855336e-01
